7.534257104899945e-13
5.591085416887175e-13
3.738984166838355e-09
8.134981279967864e-13
4.3455871819884065e-09
7.738233561762298e-13
3.932049885600551e-09
5.612222323072491e-09
3.784427135123838e-09
3.901355966256462e-09
3.280636246653751e-09
5.411516284063921e-09
2.889762976638097e-05
5.468456718311968e-09
3.5984468889629253e-09
5.706135913544768e-09
4.236824124694239e-09
3.953494412474136e-09
3.738984166838355e-09
5.062667120148438e-09
4.321203545133984e-09
4.862221993431596e-09
6.399044010761386e-13
5.396530160066635e-09
8.054496384067745e-13
4.740604259421436e-09
8.054496384067745e-13
4.5293761703575315e-09
4.038503062172567e-09
4.939382736029984e-09
4.802616575495893e-09
3.549481055585033e-05
5.10607476252634e-09
4.419953872870986e-05
3.778918130197774e-05
0.9999999997524806
4.82902736160217e-09
6.7857774275599885e-09
5.742713696960117e-09
0.596949179054208
7.179095782155307e-13
5.4401898621431946e-09
4.46778805234787e-09
0.3376459108105611
9.080027616319971e-13
0.34130653535207217
3.414637993924277e-05
4.463236136748592e-05
2.060258118213893e-09
4.7406042590263856e-09
4.7406042590263856e-09
6.565383235727289e-13
0.1971732019270635
3.7157701522892835e-09
2.8724953479163113e-09
3.124577800966808e-09
2.674467208618735e-09
5.3444459343213495e-09
4.131551590743584e-09
4.737902715848806e-09
1.4319103572656807e-05
3.646285861281333e-05
3.50843969500832e-05
4.563040024716152e-09
1.938341802255266e-05
1.7729842263868143e-05
1.8879521772493907e-05
2.202381494555949e-09
1.5348892098329615e-05
4.093783606682225e-05
3.54532060098309e-05
3.646962107631235e-09
7.393439480979714e-13
9.43859526710092e-13
9.98009940168062e-13
0.30213753969949836
2.780379138071938e-05
3.753119268302293e-05
3.753119267926982e-05
4.347208718929372e-05
2.7342283591559846e-05
4.264366796762506e-05
3.8159230710608426e-05
0.660632863439242
3.866782828143528e-09
6.030725358915047e-09
5.396530160066635e-09
8.783602617539847e-09
3.738984166838355e-09
6.164542726677392e-09
5.4401898621431946e-09
0.524735797611901
2.643861059120535e-05
4.358989964947794e-05
3.8467951424637624e-05
0.6240195440167005
5.696822650199491e-09
6.904573081909778e-09
2.513161008972994e-05
2.0373351630201833e-05
6.904573081909778e-09
6.774702028525894e-09
3.50843969500832e-05
0.25211936181920963
0.28585920280761423
0.16276519643499102
6.238986071516447e-09
0.23462350316312489
3.060817163417839e-05
0.678650268024528
0.1617115778550097
0.11906912942386541
5.960994272089826e-09
0.39235422086490634
3.0555523296515896e-05
0.26449672167591654
0.13579714483641442
0.0973029061618147
5.10607476252634e-09
0.35967895938184036
2.4022110862454197e-05
0.31614875842339746
0.15172455784701372
0.14313949159856637
3.592143420053192e-09
0.5296074932979102
3.060817163417839e-05
0.631555237054568
0.1617115778550097
0.13229147210037676
5.012578714748261e-09
0.44127398501039666
7.727668210259047e-13
6.674094717574907e-13
4.361807974335207e-13
5.464286594233884e-13
7.163375243335776e-13
4.411629358851744e-09
2.747551256797016e-09
3.639945548458941e-09
4.321203545133984e-09
8.0696947976792e-13
4.102941524400361e-13
6.46170645462492e-13
4.3455871819884065e-09
7.936880924342154e-13
4.361807974335207e-13
6.49816849627692e-13
7.684307290898962e-13
8.0696947976792e-13
3.707426182142198e-13
6.46170645462492e-13
7.011416271544406e-13
9.002836699641014e-13
4.032797220798096e-13
6.335529791110194e-13
6.540883065688524e-13
5.9609942726317346e-09
2.3387598466562038e-05
6.417852812590409e-13
4.4116293584506874e-09
3.907380248808901e-09
2.6130226594483132e-05
3.928923896796981e-09
5.987475162831515e-13
2.7629350708196858e-05
4.5984056513986254e-09
4.032989116198e-05
3.2629492961984694e-09
5.726116170854804e-13
3.229365230537322e-05
4.5984056513986254e-09
4.032989116198e-05
3.2629492961984694e-09
5.726116170854804e-13
3.229365230537322e-05
3.4795168337655885e-09
4.6713797759570566e-05
2.8516182619765963e-09
4.934115562488833e-13
4.800950702813486e-09
3.5984468889629253e-09
4.032989116198e-05
3.2629492961984694e-09
5.726116170854804e-13
3.229365230537322e-05
4.740604259372055e-09
4.4116293584506874e-09
2.8855194016553245e-09
3.952492634331764e-09
5.01257871520395e-09
2.6584835764514756e-05
2.6584835764514756e-05
2.0762829678288764e-05
2.540028971314249e-05
2.6584835764514756e-05
4.5293761703575315e-09
4.926862020644611e-09
3.5536991444351015e-09
4.167227246945333e-09
4.740604259421436e-09
4.5293761703575315e-09
4.926862020644611e-09
3.5536991444351015e-09
4.167227246945333e-09
4.740604259421436e-09
6.948413844184121e-13
6.466227686450042e-13
5.001230153169954e-13
6.466227685952641e-13
6.948413844184121e-13
1.017528243806908e-12
8.342128989373708e-13
3.2449642921236687e-13
6.268920511419427e-13
8.955385498932293e-13
2.7493621656502112e-09
2.172060233651413e-05
2.8646290156041263e-05
3.50843969530069e-05
4.885299005074523e-13
3.352113418758729e-05
2.645423788723896e-09
1.8884798373799682e-05
0.3448444257621109
3.6462858615851904e-05
4.620230541520793e-13
0.2620251006920833
2.645423788723896e-09
1.8884798373799682e-05
0.22416933499762692
3.6462858615851904e-05
4.620230541520793e-13
3.50843969530069e-05
2.645423788723896e-09
1.8884798373799682e-05
0.22416933499762692
3.6462858615851904e-05
4.620230541520793e-13
3.50843969530069e-05
2.945274365156021e-09
1.7124730447964e-05
2.0973425790107298e-05
0.26801651562019974
4.553719183884792e-13
2.0973425790107298e-05
2.8805019411026914e-09
1.837398265408788e-05
0.2596535888827098
0.519307177812629
4.4613314160298894e-13
0.28997844144056417
5.732624418444297e-13
7.738233561762298e-13
4.4843477259440577e-13
5.180010910448989e-13
6.32687961332217e-13
2.6126779869105922e-05
3.227920345456212e-05
0.19228435966059895
2.8563496970198435e-09
6.000587732402233e-13
3.3967913826318643e-09
4.167227246945333e-09
2.9882928714456698e-09
5.079387854081302e-13
2.837502748503404e-05
0.1877491887864818
3.227920345456212e-05
2.2866592861212645e-05
2.1703564304957914e-05
3.834034153043184e-09
2.0745378945681568e-05
3.636227045901134e-09
2.8123983919155253e-09
2.0745378945681568e-05
5.410294553698739e-13
0.1877491887864818
3.227920345456212e-05
2.2115841689438152e-05
2.052596382687479e-05
6.448051150508649e-13
8.587359927651722e-13
2.9686748125943204e-13
3.658662441480749e-09
1.776499887187811e-09
4.0749305381672925e-09
5.022037189249042e-09
4.740604259421436e-09
2.3904102358880596e-09
0.2919045043136996
0.1251925708288242
0.3302212943713366
0.3066148709997289
5.012578714748261e-09
3.790953748944463e-13
0.19767437762363807
0.11906912942386541
0.18049661579879434
6.484115070705435e-09
5.012578714748261e-09
2.4222037564046197e-09
2.670976496464439e-05
2.86100663250752e-09
3.449083811644777e-05
0.7860753020680614
5.911245882681416e-13
4.213397939212668e-13
2.5567957492985138e-05
1.832024208992223e-05
2.9256127303182507e-05
4.179882048905088e-09
7.61747236997849e-13
2.2245273807648243e-09
0.2919045043136996
0.12045972305134585
0.293612864268475
3.352113418758729e-05
2.2907788779156415e-09
3.1816662630555925e-09
5.012578714748261e-09
8.430118944817767e-13
3.837446465790707e-13
2.912934199882352e-09
4.802616575495893e-09
0.2937716782930518
3.732910951213821e-13
3.0662514652305034e-09
4.82902736160217e-09
7.309698968451353e-09
4.630944467167726e-13
4.082669149158864e-09
3.9073802491094676e-09
3.695372083780018e-05
2.922793147762758e-13
4.569757932279559e-13
7.944975501908116e-13
0.2629588997401227
3.732910951213821e-13
2.7706709675539056e-09
4.82902736160217e-09
6.355357418441154e-09
3.2236916122865216e-09
5.464286594233883e-09
9.98009940168062e-13
7.001843276184207e-13
0.24223642156961314
4.57698921485786e-09
0.47987820661783703
0.20544097973015027
2.1371345846223392e-09
3.784427135123838e-09
5.035983349060022e-09
2.843911059343522e-09
0.15175589883539384
4.321203545133984e-09
0.4180134287448824
0.21165417897972105
1.931119092648639e-09
3.419615941813366e-09
4.550524644356453e-09
2.569763731311003e-09
0.20505259399926476
4.021333016270904e-09
0.3993879175389316
0.18107569246623056
3.838878391851432e-09
4.3455871819884065e-09
8.783602618662196e-13
8.171014298931092e-13
2.5281009865855373e-05
5.142401604576806e-09
6.948413844184121e-13
4.913270547713079e-09
3.2629492961984694e-09
0.2643240820383042
9.980099402512292e-13
5.4336257941158845e-09
3.605107649329344e-09
5.719114361234394e-09
8.783602618662196e-13
6.3292404602765574e-09
2.2678085333675587e-09
0.22172045041645957
1.0445522729063402e-12
4.47989607770341e-09
3.3142573528595763e-09
4.594899009010201e-09
8.783602618662196e-13
5.719114361234394e-09
7.727668210259047e-13
3.837446465790707e-13
5.187093077355034e-13
7.936880924342154e-13
7.011416271544406e-13
1.8674985269012713e-09
3.391164726414262e-13
6.020559760170857e-09
8.139165680751944e-13
2.535163566220631e-09
4.5468551494804217e-13
4.336189089885767e-05
3.0727941646213416e-05
0.13200012389439467
4.361807974335207e-13
0.6580370063316481
4.3455871819884065e-09
3.2268949768114413e-13
4.361807974335207e-13
7.936880924342154e-13
3.0555523296515896e-05
0.1214373092029878
4.102941524400361e-13
0.5911602601850922
9.438595266157062e-13
4.594899009010201e-09
5.719114361234394e-09
3.549481055230085e-05
5.080057942628497e-09
6.387834681787387e-13
6.754312828130983e-13
0.23397625977074205
5.873949093408464e-09
7.191405585995894e-13
7.727668210259047e-13
0.31239399362337966
6.115380576364146e-09
6.948413844184121e-13
7.347053125332871e-13
0.34389312173559355
5.246341022301387e-09
7.163375243335776e-13
7.697547646857773e-13
5.9609942726317346e-09
5.452469119048786e-09
7.163375243335776e-13
8.139165680751944e-13
0.2790159393287965
3.646285861547209e-05
8.518736806809252e-13
8.913765520446539e-13
4.740604259372055e-09
4.3472087184946525e-05
5.464286594233883e-09
4.347208718929372e-05
0.4518010017056429
0.5462757643294353
3.678277999577437e-05
0.863340021156757
4.419953872870986e-05
5.411516284063921e-09
4.066631608581186e-09
6.2425357546009905e-09
4.004970148065697e-05
0.4191742489181962
2.875542787015314e-05
0.48354474031347966
0.2964009539088344
6.840676596481051e-09
5.327524290077677e-09
7.751502103232945e-09
5.917606268232168e-05
4.5073932220307875e-09
1.8409401353298275e-05
2.7764336628085047e-09
5.4429881395996835e-09
7.028636269962676e-13
0.3302212943713366
0.23706349076854283
2.875321828663794e-09
0.33180774022477794
2.916755291647215e-05
3.5627302187434604e-09
2.1609051099526063e-09
4.2410342336640653e-13
4.594899009010201e-09
0.2238289945389514
2.839730284068095e-05
3.4420648279723597e-09
4.885299005074523e-13
3.170233137953831e-05
5.573585640056553e-09
0.20157675291565288
2.2117159849546445e-09
4.4613314160298894e-13
0.2547696540321315
0.3181877033067424
0.2577212361516868
1.9660203055004114e-09
2.3458626053627124e-09
0.3478700553681348
0.2201137161797883
4.47989607770341e-09
1.0201550479411466e-12
7.011416271544406e-13
8.537431783425115e-13
4.5691164521021655e-09
1.0724314733358218e-12
7.684307290898962e-13
9.080027616319971e-13
3.80314195714564e-05
6.376715692219053e-09
4.5691164521021655e-09
5.344197270823268e-09
0.3824602282126924
0.44179182263025674
0.5789300673401948
0.37200908030230573
0.5266403878016923
0.22242469395984082
0.4089601471684647
0.2299751911087547
0.2591626698026378
0.4775034263481119
0.328182985515012
0.3718800423591884
5.746166389607084e-17
6.204321854192278e-13
3.651654083175765e-09
4.137866175485778e-09
6.513518884920897e-17
0.20252884950020972
0.20252884950020972
4.351528515753848e-09
3.915584505646824e-13
0.21142141711087856
0.2811004137867701
0.6115380576407827
3.783660157589829e-13
2.775918836150878e-05
4.05900651510069e-05
0.43297387483930494
6.513518884920897e-17
0.3521740721949884
0.286419045735016
2.910042506738825e-05
3.783660157589829e-13
4.05900651510069e-05
2.955921396581705e-05
0.4136817679280096
5.887824911111624e-13
3.2192901639779317e-09
6.5070528624819e-13
8.783602618662196e-13
7.947732313729421e-13
3.834034153043184e-09
6.565383235727289e-13
7.410494410196069e-13
7.08885680157797e-13
3.170233138218017e-05
3.072059186523736e-05
2.2037683174178798e-05
4.96999636898433e-09
5.9609942726317346e-09
5.012578714748261e-09
5.488684909039746e-09
6.272848090635023e-13
4.95569629190059e-09
4.659538414741071e-05
4.740604259421436e-09
4.473779478331029e-09
4.813961623101862e-13
5.726933596205368e-09
5.5552380673583875e-05
7.181586842840614e-13
2.775918836150878e-05
4.143748975463738e-09
4.546012038308462e-09
0.2596535889063146
8.430118944817767e-13
2.635731860330192e-09
5.307712169906119e-09
3.7619851259641955e-09
5.307712169906119e-09
6.985342055045127e-09
5.02174728530061e-13
3.986357127883976e-09
4.170498661185765e-09
7.61747236997849e-13
0.270919885441463
2.5568845502073835e-09
8.430118945584141e-13
6.417852812590409e-13
4.411629358851744e-09
5.9609942726317346e-09
4.361807974335207e-13
4.3472087184946525e-05
6.32687961332217e-13
8.783602617783837e-13
5.612222323072491e-09
5.155734736238858e-13
4.271802513237463e-09
4.131551590477985e-09
6.387834681787387e-13
5.080057942628497e-09
4.361807974335207e-13
6.311969076838887e-09
6.689860690374811e-13
8.783602617783837e-13
3.753119267926982e-05
3.753119267926982e-05
8.171014298931092e-13
0.42728700630234134
6.757525198851643e-06
3.5591934678802955e-05
3.220491427767259e-05
3.882726777107734e-05
8.139165680751944e-13
0.2790159393287965
6.8304657558848805e-06
3.3294262316459675e-05
0.4000998550519334
0.35494810552300854
8.171014298931092e-13
4.153509236293698e-05
6.313393311677821e-06
3.0727941646213416e-05
0.4894088624305222
4.257178632955668e-05
0.23206041452771156
6.469512491026359e-05
4.14445845689339e-06
3.87538582427412e-05
3.953494412474136e-09
3.7386001597131516e-05
6.250381527478681e-13
0.18207052809734114
1.0395670504531539e-05
2.5567957492985138e-05
0.26760322754641924
4.3472087184946525e-05
8.171014298931092e-13
0.31239399362337966
5.875274493270076e-06
3.3424543022082965e-05
0.3829831319706095
9.43859526710092e-13
8.7923308351231e-17
6.32687961332217e-13
5.078148756252687e-09
3.758250573156499e-05
5.3077121704368895e-09
8.7923308351231e-17
6.689860690374811e-13
4.3929112109282746e-05
0.4861555411983167
5.3077121704368895e-09
8.7923308351231e-17
6.689860690374811e-13
4.088064518493941e-05
0.46777665371772276
0.45180100175082294
8.7923308351231e-17
5.385541746549771e-09
3.554333944094135e-05
4.802616575495893e-09
3.9073802491094676e-09
8.73716785027674e-17
4.004065966430701e-09
4.646684393262083e-09
4.131551590743584e-09
0.35494810555258743
8.646389257957811e-17
4.732731319205632e-09
3.5738801127445153e-05
4.82902736160217e-09
5.078148756252687e-09
5.724797413542782e-13
9.438595266157062e-13
5.187093077355034e-13
4.69347590722613e-13
8.171014298931092e-13
9.438595266157062e-13
5.3077121704368895e-09
5.331675362351891e-05
3.4844636591787097e-09
7.84510965356927e-13
2.747551256797016e-09
4.717283635994605e-13
5.147660360930207e-09
5.637560314657452e-09
3.882726777107734e-05
7.516501146312996e-09
5.327524290418045e-13
7.936880924342154e-13
2.4528248765134933e-09
4.2410342336640653e-13
3.400605744947093e-05
5.307712169906119e-09
0.41113361685128985
5.8060307534352256e-05
3.4844636591787097e-09
7.84510965356927e-13
2.747551256797016e-09
4.717283635994605e-13
5.147660360930207e-09
5.637560314657452e-09
3.882726777107734e-05
5.8060307534352256e-05
3.4844636591787097e-09
7.84510965356927e-13
2.747551256797016e-09
4.717283635994605e-13
5.147660360930207e-09
5.637560314657452e-09
3.882726777107734e-05
3.955148503950901e-05
5.506046773999557e-13
8.930585330091313e-13
2.4793053157233456e-09
4.1715991698967733e-13
5.138806001248315e-09
5.022037189249042e-09
0.5873949093897958
5.078148756252687e-09
4.0480430720353096e-09
5.3077121704368895e-09
4.939382736523921e-09
4.69112387079324e-09
2.649162662420129e-09
4.4141393638778416e-05
5.169731537851542e-05
3.752060264684149e-09
2.1318810315106e-09
0.3081980908352487
0.4548019045189752
6.0368759079774596e-09
3.46288049776822e-09
4.824015382362861e-05
4.347208718760314e-05
6.0368759079774596e-09
2.9119237970252955e-09
4.824015382362861e-05
4.347208718760314e-05
3.9321527023766565e-05
2.0590410631750663e-05
0.3226013518012292
0.3457207845870992
2.823912215550971e-05
5.231868219685284e-09
4.036565754089148e-09
0.23649264343916718
5.855164518287672e-13
0.156402297311948
0.4758015943393166
0.20882130040213692
0.2805099443676327
2.800221820674803e-05
3.8625299908666384e-09
0.2319610106423432
3.5536991444351015e-09
4.858927237663688e-09
2.7820953059980888e-05
4.114225498032796e-09
3.6787632496533857e-09
2.229067688357141e-05
3.823301407290243e-09
6.360416729449033e-13
4.213287322035746e-09
0.17026024720662883
2.472277162233045e-05
4.527471870659266e-09
2.36930557622065e-05
0.156402297311948
0.4758015943393166
0.20882130040213692
0.2805099443676327
2.800221820674803e-05
6.581963177294918e-13
1.7326922179419144e-05
3.975360175943345e-09
2.8567265152974165e-05
3.853280754601976e-09
2.4287736712849846e-09
7.689683971362461e-13
0.29633403698081456
4.871197767317376e-09
3.605551829305446e-09
7.069301148368759e-13
4.271802512932335e-05
4.505546423100306e-09
2.368768538820486e-05
3.5579828676919253e-09
0.33157961517620355
4.2132873222835864e-09
2.3414192385072533e-05
3.3271889137551674e-09
3.8989389326654895e-05
3.837043999443034e-09
1.6091814738700868e-05
4.5329318833656714e-09
0.5496509141172471
3.7619851259641955e-09
8.783602617783837e-13
2.3792883043444605e-05
2.629520239679018e-05
3.994041448658625e-09
8.913765520446539e-13
0.21241494248629383
4.179252130502901e-09
4.936359310266316e-09
5.452469119048786e-09
4.749742508360611e-09
5.406149860844445e-09
3.191290111649324e-05
8.430118945671953e-13
0.24973194721413583
0.597417804377081
3.6787632496533857e-09
6.250381527478681e-13
2.829559628115301e-05
4.179882048905088e-09
3.658662441480749e-09
5.972242357263227e-09
2.8339877410499014e-05
5.08897239385064e-09
3.554333944094135e-05
3.0727941646213416e-05
9.030367374358917e-13
3.753119268302293e-05
3.933517112506113e-05
0.36170855160959353
5.078148756252687e-09
0.5372849658474355
3.84220054476154e-05
0.3149999299039122
4.69112387079324e-09
0.9999999996672622
3.84220054476154e-05
0.3149999299039122
4.69112387079324e-09
0.9999999996672622
3.84220054476154e-05
0.3149999299039122
4.69112387079324e-09
0.9999999996672622
5.0763873103497596e-09
3.2587980473571695e-05
5.0763873103497596e-09
0.5410822689681074
8.540394170515986e-13
2.910042506738825e-05
2.6331153481724504e-05
0.25132936344704904
6.038970631977914e-09
3.0769953220161776e-05
2.5157910804540597e-05
0.25132936344704904
5.012578714748261e-09
3.2372347802079205e-05
2.5519652416942208e-05
3.3521134184190736e-05
5.078148756252687e-09
3.0769953220161776e-05
2.5157910804540597e-05
3.3959627479720606e-05
2.540028971314249e-05
0.19674979809568888
2.4022110860738336e-05
2.540028971314249e-05
6.038970631977914e-09
3.0769953220161776e-05
2.5157910804540597e-05
0.25132936344704904
5.809334106350273e-09
3.618899050189781e-05
1.0004556678698023e-05
5.809334106350273e-09
2.8646290156041263e-05
3.0289764015178343e-05
2.688452919595732e-05
3.0289764015178343e-05
7.583235671536399e-09
6.417592062678014e-09
1.9852724995501482e-09
6.376715692219053e-09
0.3549481055131488
5.396530160066635e-09
1.9852724995501482e-09
0.3155984538331778
4.164373080478205e-05
6.268551768017434e-09
1.3987029598964536e-09
0.6065306594674942
0.3155984538331778
6.7857774275599885e-09
2.4963480079645567e-09
0.725979528935783
5.3077121704368895e-09
6.985342055045127e-09
5.3077121704368895e-09
8.783602618662196e-13
9.193227149641706e-09
1.0229197411276467e-12
0.4111336167839098
1.1559871146073225e-12
1.3186908627298783e-12
8.839449198118689e-13
7.415543672639246e-09
7.39806748512946e-05
7.778610910179157e-09
3.727303181644611e-05
0.38498150062075853
8.034284186199331e-05
7.778610910179157e-09
3.727303181644611e-05
0.38498150062075853
8.034284186199331e-05
1.0900412502365127e-08
4.004970148065697e-05
0.8668778994617387
8.30701847283545e-09
5.612222323633712e-09
5.873949093408464e-09
2.9516125006626067e-09
5.612222323633712e-09
6.164542726677392e-09
0.4213952947257403
0.13680702216591056
0.5169731538751627
6.164542726677392e-09
5.752300427890898e-09
1.8674985269012713e-09
6.985342055472008e-09
6.2425357546009905e-09
0.4191742489181962
0.11588199818209477
0.6147881527467011
6.2425357546009905e-09
0.4191742489181962
0.11588199818209477
0.6147881527467011
6.376715692219053e-09
0.43443712520604766
0.15982048684492878
0.31559845386824426
8.587359927651722e-13
9.980099401403394e-13
9.980099402512292e-13
7.583235672378979e-13
5.10607476252634e-09
6.030725358915047e-09
1.0724314734549807e-12
5.071215336254801e-09
8.537431783425115e-13
1.0201550479411466e-12
1.2421889947772103e-12
1.0445522727757714e-12
6.038970631977914e-09
5.3077121704368895e-09
5.3077121704368895e-09
4.939382736523921e-09
4.800950702813486e-09
6.164542726677392e-09
6.985342054598842e-09
4.6713797759570566e-05
4.800950702813486e-09
6.164542726677392e-09
1.1559871144628244e-12
5.873949093033183e-09
5.657891605207241e-13
5.350903510274258e-13
5.960994272631735e-13
7.431878013034609e-13
5.847275577679081e-13
5.847275577679081e-13
5.501034141770605e-13
6.541868941266492e-13
3.5302509003745236e-09
5.458157460065472e-13
6.40550520920913e-13
7.75608384997998e-13
3.3300437127323496e-09
5.657891605207241e-13
7.84510965356927e-13
7.778464680117601e-13
3.4608807226928754e-09
3.0090341709333175e-09
5.960994272631735e-13
7.431878013034609e-13
3.24543984315752e-09
5.458157460065472e-13
6.40550520920913e-13
7.410494410196069e-13
2.9296278615405634e-09
3.6088772250574215e-05
2.5858735277702943e-05
5.133684670487541e-13
4.324227075083586e-09
0.23901088820591293
5.921748168881505e-13
5.246341022301387e-09
4.374152136163658e-09
3.915584505646823e-09
3.0576902882039146e-05
3.7982292265213524e-09
0.1574680449465201
5.01257871520395e-09
7.028636269962676e-13
0.2271571305162515
5.386366368312952e-09
7.00841290700787e-13
6.250381527478681e-13
5.911245882681416e-13
3.6787632496533857e-09
6.689860690374811e-13
6.674094718242314e-09
4.80918276478804e-09
6.153112263329128e-13
0.3155984538331778
2.889762976638097e-05
6.689860690374811e-13
6.674094718242314e-09
8.55207068973663e-13
5.867685333157373e-13
6.164542726677392e-09
8.338026116366458e-13
5.867685333157373e-13
0.3226013518012292
2.8333350572794882e-05
2.894742148995324e-05
2.0195194500750157e-09
3.678208851074398e-09
0.2596535889063146
0.3770063803872098
0.19708367572607466
0.32804240719217154
4.5293761703575315e-09
5.386366367864088e-09
2.0839061520599008e-05
3.3547449408137626e-05
0.23462350318267686
3.54532060098309e-05
2.8910816875068493e-09
3.3644253385670165e-05
0.41722614481660975
3.975360175943345e-09
0.14191377518570597
4.399459231013189e-05
0.21972813873225094
6.774702028525894e-09
0.11241282149771256
3.040101476924887e-05
0.24808414999053405
1.51436368444501e-13
6.417852812590409e-13
3.2372347802079205e-05
8.139165680751944e-13
6.499634745215878e-10
3.3109672630032608e-09
3.932049885600551e-09
5.719114361234394e-09
8.793827817489954e-10
3.3743784573600244e-09
3.227920345456212e-05
0.38827267768246176
1.4385222356855438e-09
2.222984955040595e-05
2.722589422866631e-05
0.4231178541294984
1.04576826086679e-09
3.3743784573600244e-09
3.227920345456212e-05
0.3170233137953831
1.1057653072587592e-09
2.5639731687961175e-05
3.227920345456212e-05
0.5310725348834514
1.6837802346096287e-09
4.790437744888919e-09
0.2698553466394427
3.508439695264144e-05
1.2729177924008713e-09
4.321203545133984e-09
4.638596138374759e-05
1.1339582220405185e-12
1.3459466944068831e-09
5.4336257941158845e-09
0.4316700105783786
6.311969077364883e-05
1.2729177924008713e-09
5.4336257941158845e-09
0.863340021156757
0.43167001062634186
1.263323502676265e-13
3.784427135123838e-09
4.885048225041087e-05
0.8668778994617387
1.0712368991834902e-09
5.327524290077677e-09
0.8824969023342923
0.4111336167839098
2.9169167950055167e-09
4.594899009010201e-09
7.93688092513584e-13
6.674094718242314e-09
2.635731860330192e-09
2.9060692973845576e-05
4.939382736523921e-09
6.674094718242314e-09
2.747551256797016e-09
4.328649144449854e-09
7.84510965356927e-13
8.913765520446539e-13
2.747551256797016e-09
4.328649144449854e-09
7.84510965356927e-13
5.246341022301387e-09
1.9428121253387913e-05
3.060817163417839e-05
7.84510965356927e-13
8.913765520446539e-13
1.753133601379832e-05
0.22613617374014844
5.612222323540175e-09
6.376715692219053e-09
5.7219818104098545e-09
6.2425357546009905e-09
6.2425357546009905e-09
4.419953872870986e-05
0.4316700105783786
0.4316700105783786
5.411516284063921e-09
6.2425357546009905e-09
6.2425357546009905e-09
0.5462757643294353
0.863340021156757
0.4316700105783786
5.9609942726317346e-09
0.2790159393287965
0.2790159393287965
3.8467951424637624e-05
4.358989964947794e-05
4.358989964947794e-05
4.012834870204447e-09
4.686808184833137e-09
3.170233138218017e-05
0.22416933497894614
5.462979597816082e-09
4.374152136163658e-09
3.646285861547209e-05
0.44127398501039666
5.088708417006629e-13
2.1380604295560005e-05
8.723184009457538e-13
6.716528943018527e-13
5.434388646640106e-13
6.268920511419427e-13
5.035983349060022e-09
4.2999394019128214e-09
3.0559813131509856e-09
6.628576401568026e-13
4.234740345501969e-05
0.4116538265018234
4.994668185371666e-09
3.953494412474136e-09
4.026190970145434e-05
0.328182985515012
3.4844636591787097e-09
3.646962107631235e-09
3.816078113886371e-09
0.2698553466149104
0.2652899261276363
2.805099443676328e-05
0.3777331186079782
0.7860753019966
3.2954022675447666e-09
2.2037683174178798e-05
3.816078113886371e-09
4.035278636666363e-05
0.18049661579879434
4.336993286540383e-09
0.20544097973015027
0.6076795806936528
0.24623953023773357
2.5692379451971123e-05
0.30648595995793004
0.42517688259538916
2.2763819055559482e-05
2.3825412930312166e-05
0.19487233914271473
0.2937716782930518
2.479536469349939e-05
6.038970631977914e-09
1.9552678003102276e-09
6.674094718242314e-09
3.646408058839633e-09
0.345654323187602
1.1240748835023255e-05
0.3549481055131488
2.9296278615405634e-09
7.033359148222135e-09
1.6808840070465878e-09
6.376715692219053e-09
2.8876965815851712e-09
5.898775977919028e-09
1.124232697712355e-09
7.849573143826273e-09
3.2313068222958923e-09
6.0368759079774596e-09
1.3754954058453649e-09
7.751502103232945e-09
3.381999266372323e-09
0.34364463929801803
9.726221289641999e-06
0.3628241433602024
6.985342055743659e-09
6.674094717574906e-09
5.3077121704368895e-09
3.3959627479720606e-05
0.3549481055131488
7.859912965448266e-09
5.612222322916596e-09
3.229365230537322e-05
0.7420884816454137
6.840676596481051e-09
5.736753415588487e-09
7.179095782155307e-13
0.596949179054208
0.45936133196460516
4.7192976329474405e-05
8.587359927651722e-13
7.751502103232945e-09
5.693893874683761e-05
6.518210331440214e-09
4.46778805234787e-09
5.0489840121490154e-05
3.8467951424637624e-05
4.122478183078424e-05
7.944975501908116e-13
0.18990420962184798
0.36964463973111383
0.24384183191076964
3.6462858615851904e-05
0.18758830574532995
2.670976496464439e-05
0.32649710279826866
0.4035278637033205
2.3815346657200753e-05
2.8339877410499014e-05
3.955148503950901e-05
3.8159230710608426e-05
0.24925978668230622
0.2785525646880065
0.47034907417907795
0.4180134287448824
0.16203364893817065
0.2680220126115809
0.35738801127445147
3.6088772250574215e-05
0.18325568125956318
2.7365701279757392e-05
0.2826657746001208
0.4518010017056429
4.740604259372055e-09
5.01257871520395e-09
4.374152136163658e-09
5.246341021824447e-09
0.5133450479131076
0.5133450479701459
0.2995197099360139
5.10607476252634e-09
4.264366796762506e-05
8.783602618515801e-09
3.1670353412039434e-05
6.355357418441154e-09
4.939382735892778e-05
0.5133450479701459
4.862221993431596e-09
6.355357418441154e-09
6.164542726677392e-09
6.985342054598842e-09
3.0623636037672815e-05
4.800950702813486e-09
5.0489840121490154e-05
0.4111336167839098
4.701523684437745e-09
5.0763873103497596e-09
1.5687728741430445e-05
4.700420726661553e-05
1.884997290818857e-13
6.153112263329128e-13
0.21731107134510302
0.44710186188978396
3.4607174158331227e-13
4.727526605592614e-09
0.1478975471620514
3.646285861281333e-05
1.6662643742675208e-09
4.012834870204447e-09
1.9684738570119397e-05
5.142401604576806e-09
1.8553615212250105e-09
0.21294807600365467
0.22702909775295646
0.2240750867875114
2.204196561936035e-09
3.3271889137551674e-09
0.13575914772052566
3.699033743678476e-05
1.3839569858349865e-09
6.32687961332217e-13
4.717283635994605e-13
7.84510965356927e-13
3.352113418723811e-05
5.01257871520395e-09
3.06889775079089e-13
7.201170725888819e-09
5.7219818104098545e-09
7.833126068387208e-05
1.6523723061796751e-09
4.919625501680315e-05
3.5250657082512305e-05
1.3082012060046169e-12
2.1700384103523813e-09
0.37684991632384973
4.432228051803826e-05
5.329462626443543e-05
2.1700384103523813e-09
0.37684991632384973
4.432228051803826e-05
5.329462626443543e-05
2.633903676997682e-09
0.4111336167839098
4.455712751920649e-05
7.386099953835683e-09
6.992283350809359e-13
6.5070528624819e-13
4.15763655544878e-09
7.727668210259047e-13
3.1971460575138844e-09
0.1582341758879785
5.290878552050975e-13
3.99367200357967e-09
4.920779896816785e-09
0.20479259703320268
4.701523684437745e-09
4.873039688361636e-09
5.08897239385064e-09
0.2117924179947832
4.862221993431596e-09
4.970089802452341e-09
4.920779896816785e-09
0.20479259703320268
4.701523684437745e-09
4.873039688361636e-09
3.4795168337655885e-09
3.4795168337655885e-09
4.137866175485778e-09
7.534257104899945e-13
7.147206389707368e-06
1.6198252787730604e-05
0.18886655930398916
4.96999636898433e-09
1.0107676209403804e-09
0.1304008717774986
0.19767437762363807
5.201772842430173e-09
1.2987067284247607e-09
2.1038281043561454e-05
2.7889805465851284e-05
3.134257534891303e-05
1.9891802380602e-13
4.5082291708909934e-13
3.994041448658625e-09
5.201772842430173e-09
1.1112338732756965e-05
0.17437042772535935
0.3678763249653385
3.514847831107641e-09
1.363953215746194e-09
1.822730175917976e-05
2.6776802955365788e-05
3.326024950007662e-05
4.137866175485778e-09
5.4401898621431946e-09
1.0962279403155601e-12
3.1971460575138844e-09
8.723184009457538e-13
0.4823560795742739
3.1971460575138844e-09
8.723184009457538e-13
0.4823560795742739
3.525273067904562e-09
8.955385498932293e-13
0.34191776488274966
3.901355966256462e-09
0.2831941550146946
4.4141393638778416e-05
4.351528515753848e-09
5.307712169906119e-09
3.9281465085347674e-05
2.3458626053627124e-09
6.399044010761386e-13
3.8933630114254e-09
9.018037815333522e-13
2.52173404282171e-09
2.780379138071938e-05
6.335529791514962e-13
4.082482904149787e-05
4.4843477259440577e-13
5.879786004133822e-13
3.5627302187434604e-09
5.873949093995857e-09
2.52173404282171e-09
2.780379138071938e-05
6.335529791514962e-13
4.2210681258690896e-05
2.8123983919155253e-09
2.613022659247312e-05
6.593165174151401e-13
7.689683971953974e-13
2.3458626053627124e-09
2.5858735277702943e-05
6.093442413809591e-13
1.1339582219145234e-12
0.25132936344704904
0.29071536844929896
5.3077121704368895e-09
5.307712169906119e-09
6.355357418441154e-09
6.030725358915047e-09
4.264366797236323e-05
0.45936133196460516
3.50843969530069e-05
7.08885680157797e-13
4.283619507134575e-09
4.5293761703575315e-09
0.5954165057812407
0.312393993654619
3.753119268302293e-05
4.854917716006407e-05
6.318406457438832e-09
6.164542726677392e-09
5.721248422925795e-05
3.8467951424637624e-05
6.318406457438832e-09
6.164542726677392e-09
4.939382735714412e-05
0.46307771606775977
6.32687961332217e-13
9.438595266157062e-13
7.393439480979714e-13
7.93688092513584e-13
5.726116170854804e-13
8.930585330091313e-13
3.866782828143528e-09
1.0724314733358218e-12
3.0706628282890904e-09
5.4401898621431946e-09
3.738984166838355e-09
6.164542726677392e-09
3.0706628282890904e-09
5.4401898621431946e-09
3.953494412474136e-09
6.518210331440214e-09
3.2996419460476928e-09
5.4401898621431946e-09
3.953494412474136e-09
1.0201550479411466e-12
0.2680220126115809
0.5341735955577663
0.31128780268579875
5.612222322916596e-09
3.780392729094848e-09
5.001230153169954e-13
4.753592194894166e-13
6.105014336324184e-13
2.9051817437671707e-09
4.151736693822266e-13
3.4548628000639307e-13
3.1816662630555925e-09
2.747551256797016e-09
4.151736693822266e-13
3.4548628000639307e-13
6.154412929765364e-13
2.823936023186984e-09
4.2996089921111747e-13
3.550911558841198e-13
6.277772488407382e-13
2.8724773013440795e-09
4.729871452054152e-13
4.2953554316504887e-13
6.344879602499745e-13
4.361807974335207e-13
3.9467270654661283e-13
3.314257352859577e-13
5.477194681017355e-13
5.314968931354379e-09
5.719114361234394e-09
5.719114361234394e-09
9.43859526710092e-13
0.2629588997401227
0.2493651438179859
0.2493651438179859
4.671379776540978e-05
0.4226839215412429
0.3699033743678476
0.3699033743678476
4.347208718929372e-05
0.4226839215412429
0.3699033743678476
0.3699033743678476
4.347208718929372e-05
0.38662527154292525
0.42326181956744546
0.42326181956744546
5.612222323633712e-09
0.502658726894098
0.5231223687985823
0.5231223687985823
6.985342055743659e-09
7.347053125332871e-13
7.991810714190136e-13
2.5238155786444092e-09
7.347053125332871e-13
3.853280754601976e-09
5.719114361234394e-09
4.594899009010201e-09
3.472265151957282e-13
9.98009940168062e-13
5.1890286180389465e-09
5.386366367864088e-09
4.7406042590263856e-09
3.9109407181788165e-13
7.61747236997849e-13
4.717938386420629e-09
5.464286594233883e-09
4.594899009010201e-09
3.472265151957282e-13
9.438595266157062e-13
4.5527638111118955e-09
3.4234749556315017e-09
5.501034141799257e-13
4.2842096970680317e-13
5.816635420743959e-13
0.28787878179013987
5.4429881395996835e-09
4.790437744888919e-09
3.719648086615397e-13
8.430118945584141e-13
4.5073932220307875e-09
4.80918276478804e-09
2.9169167950055167e-09
6.674094717574907e-13
4.044024547210211e-09
3.0727941646213416e-05
2.4528248765134933e-09
9.438595266157062e-13
8.55207068973663e-13
4.5691164521021655e-09
3.1175613863811393e-09
8.930585330091313e-13
5.687023690429019e-09
4.782197834744713e-09
3.1175613863811393e-09
8.930585330091313e-13
4.782197834744713e-09
8.125165708843372e-13
2.4793053157233456e-09
8.0696947976792e-13
4.5691164521021655e-09
4.066631608581186e-09
2.5032803477603313e-09
8.955385498932293e-13
5.1135185308352715e-09
3.5669640527643864e-13
4.978653457657758e-09
5.246341022301387e-09
5.012578714748261e-09
1.2138704351778761e-09
4.47989607770341e-09
6.518210331440214e-09
9.027235031377843e-13
1.504121096509769e-09
5.4336257941158845e-09
8.783602617539847e-09
5.10607476252634e-09
1.0941385262685707e-05
3.198048438464765e-05
0.596949179054208
0.4779995353091872
0.05337953311230067
0.2227385865083435
0.7514772928252411
5.102804263512105e-05
1.2835117156971784e-09
5.327524290077677e-09
8.978504310420302e-09
5.0763873103497596e-09
5.344197270823268e-09
4.782197834744713e-09
4.862221993431596e-13
4.110545804661463e-05
0.40880645184939407
0.3699033743678476
4.944290973335094e-13
0.6875277597854914
0.3781790426904952
0.2894742148995324
4.96999636898433e-13
0.631555237054568
0.5054229725738779
3.678277999577437e-05
4.862221993431596e-13
4.110545804661463e-05
0.5008718428481266
0.31455601880469186
8.73716785027674e-17
0.4863383167652981
0.5193071777654193
0.3684615813538566
4.96999636898433e-13
0.5193071777654193
3.80314195714564e-05
4.862221993431596e-09
3.6110469910017346e-09
3.414637993924277e-05
5.147660360930207e-09
2.9251718335513527e-05
2.9051817437671707e-09
5.012578714748261e-09
4.3455871819884065e-09
2.780379138071938e-05
2.7869471272478833e-09
4.802616575495893e-09
5.147660360930207e-09
2.9251718335513527e-05
3.040665299347153e-09
4.740604258941092e-09
5.464286594233883e-09
3.220491427767259e-05
3.3142573528595763e-09
4.4693383215607634e-09
5.167803195685236e-09
3.3470241418579216e-05
2.7869471272478833e-09
4.802616575495893e-09
2.829559628115301e-05
2.5567957492985138e-05
3.237722712904149e-05
6.541868941266492e-13
0.31105042149617584
0.31105042149617584
0.32160943488117066
2.6331153481724504e-05
0.4284697775820967
0.44127398501039666
0.44127398501039666
2.870151031708075e-05
0.4284697775820967
0.44127398501039666
0.44127398501039666
2.870151031708075e-05
0.34484442573337387
0.34484442573337387
0.533167536244782
4.312071692894724e-05
0.2547696540321315
0.23708987799406236
0.3203558798487579
4.05900651510069e-05
1.313454946839543e-12
7.534257104899945e-13
9.674177618551726e-13
8.783602618320613e-13
0.37684991632384973
4.066631608581186e-09
3.8265198609630255e-05
1.2421889947162098e-12
8.783602617222663e-09
4.236824124694239e-09
5.752300427890898e-09
6.5005932593124986e-09
8.783602617222663e-09
4.236824124694239e-09
5.752300427890898e-09
6.5005932593124986e-09
0.22416933499762692
4.283619506777607e-09
3.0289764015178343e-05
6.40550520920913e-13
5.3077121704368895e-09
4.044024547210211e-09
5.307712169906119e-09
4.463236137318893e-09
2.7107907206552034e-09
5.307712169906119e-09
1.186840521809983e-16
0.1903080307485142
3.508439695264144e-05
7.84510965356927e-13
0.1806514167302914
8.430118945671953e-13
7.08885680157797e-13
0.32863168086104133
6.311969076838888e-05
8.783602618662196e-13
2.811834897144503e-05
3.4389312173559354e-05
5.84289629327371e-13
0.1752326180874565
3.9938791753893164e-05
9.980099402512292e-13
5.078148756252687e-09
6.320598869185035e-09
0.45180100175082294
3.3947847981017373e-05
3.3947847981017373e-05
0.4775034263481119
3.955148503950901e-05
3.955148503950901e-05
0.9999999997524806
3.3947847981017373e-05
3.3947847981017373e-05
0.7420884816454137
0.3633728925315658
0.3633728925315658
0.48354474031347966
3.9321527023766565e-05
3.9321527023766565e-05
0.8824969023342923
9.451499815624065e-13
9.451499815624065e-13
6.32687961332217e-13
9.438595266157062e-13
0.2825677269661373
5.0763873103497596e-09
3.48894657339393e-09
4.455712751920649e-05
0.26305014334473137
3.554333944094135e-05
5.887824911111624e-13
0.27776190334014333
0.2596535888827098
3.5084396949451944e-05
5.972485012398712e-13
0.2790159393287965
4.2268392154124294e-05
3.3959627479720606e-05
6.32687961332217e-13
4.3472087184946525e-05
0.28422022417883996
3.414637993924277e-05
6.153112263329128e-13
0.2955801300925461
4.473779478331029e-13
4.361807974335207e-13
6.038970631977915e-13
6.038970631977915e-13
6.786053137024298e-13
4.5468551494804217e-13
4.4116293584506874e-09
0.2596535888827098
0.17267606040728328
1.4113320364908503e-05
2.987789944697129e-05
3.210589237176259e-05
3.0285126826227457e-05
2.7869471272478833e-09
3.3959627479720606e-05
5.314968931354379e-09
3.057690287985509e-05
2.0501024605091377e-05
2.540028971314249e-05
0.227187097787101
0.2905374198015945
0.143784184632235
3.3521134184190736e-05
3.5084396949451944e-05
5.612222323633712e-09
8.783602618662196e-13
7.947732313729421e-13
1.0201550479411466e-12
6.518210331440214e-09
5.0763873103497596e-09
5.809334106350273e-09
1.0330619227359553e-12
4.960259574216837e-09
5.9609942726317346e-09
7.84510965356927e-13
3.646285861215728e-05
6.164542726677392e-09
9.218141453123176e-13
4.800950702813486e-09
6.164542726677392e-09
1.0201550479411466e-12
5.0763873103497596e-09
4.802616575495893e-09
3.4688182064914933e-09
4.944290973335094e-09
7.947732313729421e-13
0.7102992179443132
2.583029484072733e-05
3.3547449408137626e-05
0.270919885441463
0.3867706276012794
2.6274297649731664e-05
3.326024950007662e-05
0.39832871548072535
0.42401253513965514
2.583029484072733e-05
0.34686261455487044
0.2620251006920833
0.345654323187602
2.2677988020791704e-05
0.23652758098874158
0.345654323187602
0.47538527315231216
2.410880788885338e-05
3.3470241418579216e-05
0.47538527315231216
1.6837802346096287e-09
4.790437744888919e-09
0.2698553466394427
3.508439695264144e-05
1.2729177924008713e-09
4.321203545133984e-09
4.638596138374759e-05
1.1339582220405185e-12
1.3459466944068831e-09
5.4336257941158845e-09
0.4316700105783786
6.311969077364883e-05
1.2729177924008713e-09
5.4336257941158845e-09
0.863340021156757
0.43167001062634186
1.0712368991834902e-09
5.327524290077677e-09
0.8824969023342923
0.4111336167839098
4.012834870204447e-09
4.686808184833137e-09
3.170233138218017e-05
0.22416933497894614
5.462979597816082e-09
4.374152136163658e-09
3.646285861547209e-05
0.44127398501039666
5.088708417006629e-13
2.1380604295560005e-05
8.723184009457538e-13
6.716528943018527e-13
3.0559813131509856e-09
6.628576401568026e-13
4.234740345501969e-05
0.4116538265018234
4.994668185371666e-09
3.953494412474136e-09
4.026190970145434e-05
0.328182985515012
2.479536469349939e-05
6.038970631977914e-09
1.9552678003102276e-09
6.674094718242314e-09
3.646408058839633e-09
0.345654323187602
1.1240748835023255e-05
0.3549481055131488
2.9296278615405634e-09
7.033359148222135e-09
1.6808840070465878e-09
6.376715692219053e-09
2.8876965815851712e-09
5.898775977919028e-09
1.124232697712355e-09
7.849573143826273e-09
3.2313068222958923e-09
6.0368759079774596e-09
1.3754954058453649e-09
7.751502103232945e-09
3.381999266372323e-09
0.34364463929801803
9.726221289641999e-06
0.3628241433602024
6.992283350809359e-13
6.5070528624819e-13
4.15763655544878e-09
7.727668210259047e-13
3.1971460575138844e-09
0.1582341758879785
5.290878552050975e-13
3.99367200357967e-09
4.920779896816785e-09
0.20479259703320268
4.701523684437745e-09
4.873039688361636e-09
5.08897239385064e-09
0.2117924179947832
4.862221993431596e-09
4.970089802452341e-09
3.4795168337655885e-09
3.4795168337655885e-09
4.137866175485778e-09
7.534257104899945e-13
4.137866175485778e-09
5.4401898621431946e-09
1.0962279403155601e-12
3.525273067904562e-09
8.955385498932293e-13
0.34191776488274966
3.901355966256462e-09
0.2831941550146946
4.4141393638778416e-05
4.351528515753848e-09
5.307712169906119e-09
3.9281465085347674e-05
3.5669640527643864e-13
4.978653457657758e-09
5.246341022301387e-09
5.012578714748261e-09
1.2138704351778761e-09
4.47989607770341e-09
6.518210331440214e-09
9.027235031377843e-13
1.504121096509769e-09
5.4336257941158845e-09
8.783602617539847e-09
5.10607476252634e-09
1.0941385262685707e-05
3.198048438464765e-05
0.596949179054208
0.4779995353091872
0.05337953311230067
0.2227385865083435
0.7514772928252411
5.102804263512105e-05
1.2835117156971784e-09
5.327524290077677e-09
8.978504310420302e-09
5.0763873103497596e-09
5.612222323633712e-09
8.783602618662196e-13
7.947732313729421e-13
1.0201550479411466e-12
6.518210331440214e-09
5.0763873103497596e-09
5.809334106350273e-09
1.0330619227359553e-12
4.960259574216837e-09
5.9609942726317346e-09
7.84510965356927e-13
3.646285861215728e-05
6.164542726677392e-09
9.218141453123176e-13
4.800950702813486e-09
6.164542726677392e-09
1.0201550479411466e-12
5.0763873103497596e-09
8.412149403277803e-06
2.683544414920543e-05
2.4339073811429633e-09
2.9895559632929622e-05
0.06463892610165227
0.21294807600365467
1.941219422264679e-05
0.22958535796517512
0.06463892610165227
0.20595660951989847
2.007116654502175e-05
0.34557638206800173
0.0877058434376431
0.18295654223308652
3.31661267767693e-09
0.23287896952629625
0.08516093063925294
0.15844501336241348
2.0640374422113965e-05
0.23183229598434582
0.054891716848925506
0.22076069958238917
2.86100663250752e-09
0.32253036084619174
6.485317625192777e-13
2.2080164223950914e-05
3.994041448658625e-09
5.947475114689908e-13
2.1467651087720975e-05
3.4987611485788764e-05
5.932493446269666e-13
3.0897343813979955e-09
3.0490951350084158e-05
3.7013098954741056e-09
3.104767205413289e-09
3.592143419796611e-05
5.932493446269666e-13
2.875321828663794e-09
2.8836561389866143e-05
5.932493446269666e-13
2.747205516464701e-09
2.8836561389866143e-05
9.329460218001107e-13
7.431878013034609e-13
8.518736806809252e-13
8.913765519636197e-13
9.438595266157062e-13
4.15763655544878e-09
7.191405585995894e-13
6.320598869185035e-09
6.238986071451458e-09
4.179252130502901e-09
4.790437744888919e-09
0.2899784414142025
9.438595266157062e-13
4.944290973335094e-09
4.3455871819884065e-09
6.994892490205376e-09
5.396530160066635e-09
3.866782828143528e-09
4.5691164521021655e-09
0.28422022417883996
9.98009940168062e-13
4.351528515753848e-09
7.727668210259047e-13
4.088064518493941e-05
6.565383235727289e-13
1.3582058602269072e-09
3.8076614889195497e-13
3.6260056288721903e-09
4.737902715848806e-09
1.238651813936336e-05
1.772336614203012e-05
7.120348064541312e-13
0.1724541905822389
1.45684367050944e-09
0.09927423410981912
0.21241494248629383
3.3271889137551674e-09
2.0199266911504622e-09
4.558708007645781e-13
0.22048872819286366
0.21784658679133717
2.007221121558872e-09
0.1282966711975608
4.131551590477985e-09
0.20841953943850072
1.5654804036968875e-09
0.11029840090015045
4.150966848407244e-09
4.582348889475724e-09
2.664318491853372e-05
3.438931217091403e-05
4.737902715848806e-09
5.123953882327427e-13
5.506046773999557e-13
6.876220286379707e-13
0.18223643373863735
5.506046773999557e-13
3.2739149995890267e-09
6.876220286379707e-13
2.806505124966904e-05
4.3840342791195883e-13
4.710951416425607e-13
3.525273067904562e-09
2.2550098917360332e-05
6.593165174151401e-13
4.582348889475724e-09
3.326024950007662e-05
3.192894937995838e-05
6.485317625192777e-13
3.79025080254458e-09
7.431878013034609e-13
0.220376831741788
5.371507285148366e-13
1.6758048311397056e-05
3.020620524999948e-09
5.537472712503688e-13
2.6130226594483132e-05
3.4945628042835725e-13
3.636227045901134e-09
5.51650318636936e-13
4.516881220590474e-09
2.3037424783372483e-09
3.342866121293135e-09
3.915584505646823e-09
3.907380249137377e-05
3.6055518293054467e-13
5.437427681788999e-09
3.5815507654630784e-09
2.7166383721925094e-09
4.3239127337588546e-13
3.4159919055542933e-09
3.7157701522892835e-09
3.678277999577437e-05
1.7592722670171665e-09
2.9741768737728156e-05
2.050525939992648e-05
2.9882928714456698e-09
2.139525807480793e-09
5.113125605148287e-13
3.8625299908666384e-09
2.1152628183257446e-05
2.4287736712849846e-09
2.4108782608437935e-05
2.7978036530307596e-05
4.885299005074523e-13
3.982106225231937e-13
2.5306044884652477e-05
3.125198939251463e-09
3.8488866914048685e-09
3.1512018993657293e-09
2.5327098766783235e-05
0.25442633389709296
3.729661124052713e-09
2.6510050119949134e-09
3.2199657145442082e-09
3.187271473137794e-05
0.22139083947093038
2.4287736712849846e-09
3.7615283166495735e-09
3.178918694147065e-05
3.0968992153026193e-09
3.87393621875552e-09
3.0968992153026193e-09
2.8868830407113457e-09
3.3507920497032485e-09
3.011916605583527e-09
3.600660384404486e-09
3.8086554725977434e-05
3.2396505575461204e-09
4.4613314160298894e-13
2.2907788779156415e-09
3.4608807226928754e-09
3.4376804707079135e-09
3.692211251104597e-09
4.159238377566784e-09
0.1772592567180668
2.725617347054086e-09
5.001230153169954e-13
3.587114159710397e-09
2.811834897144503e-05
3.0148345506452458e-09
2.6527235311639553e-09
0.1304008717774986
3.4608807226928754e-09
0.24248561100982116
2.750524266249476e-05
4.187835266480179e-09
3.0897343813979955e-09
3.7619851259641955e-09
2.7869471272478833e-09
3.1387165095978914e-09
4.877882001258863e-13
0.2094039561868811
0.15513026622607765
0.14036766955123514
0.13575914772052566
4.948748921709065e-09
3.928923896796981e-09
4.162815378476869e-09
2.4108782608437935e-05
0.30115405716562504
0.23909302947759226
0.24108782608437931
0.2081407689238435
0.3018135844987156
0.23505265594918734
0.23549928334313425
0.2033159563141873
3.2035587984875796e-05
4.749742508360611e-09
2.9251718335513527e-05
0.2647795225617224
2.9958870692660552e-05
3.651654083175765e-09
2.7671578881459806e-05
0.3606452878964891
3.0727941646213416e-05
4.866386312706836e-09
2.910042506738825e-05
0.3824602282126924
2.875542787015314e-05
3.381999266206242e-09
2.6089939786959306e-05
0.3461582270308579
0.5408804418066986
0.3626982914216051
0.5040341473856741
0.6406914382962832
2.9958870692660552e-05
3.795127125234076e-09
3.182683495003813e-05
0.46412082905542307
1.0828733621845603e-09
7.347053124767714e-13
3.567988003842923e-09
7.347053125332871e-13
1.1803719963547918e-09
0.21773944425718766
2.650644134935406e-05
0.2989950354757003
6.872527002451101e-10
5.951944116369136e-09
2.2405141217282856e-05
7.516501146312996e-09
1.368382059458498e-13
4.700332362743182e-09
3.3300437127323496e-09
0.2998221388749698
9.29834082985813e-10
3.3547449408137626e-05
3.24543984315752e-09
4.0511972050348436e-05
6.872527002451101e-10
0.25611625647485076
2.155812511950422e-05
0.5954165057812407
0.5954165057812407
