1.2237368080448547
0.3026730955682729
1.0621212564814557
0.4519927790499579
0.635832078336105
1.2133541673304002
0.5245786181158181
1.3201636404266448
0.4770728662457768
1.2890051607254136
0.34017286102696564
1.1020787488496624
0.859837641301828
1.4189774169350136
0.4650425384542438
1.2956408957093646
1.019966163023747
1.0985151644057365
0.7395209104031766
0.6032632022188489
1.166433549789539
1.0182185930000829
0.7694472335177658
1.2068440448604103
1.4822069838158878
1.7845218560305351
1.4498538940523669
1.031570555879602
0.5696545701485418
0.654473713853796
0.7098598025930675
1.6890960255998593
1.3272388994955933
2.0364622774449184
1.5977176295534734
10.0
1.2643436482497894
1.6011205540508313
1.2299666592967016
6.575329051316387
0.8185613306052065
1.2257376217043159
0.9020244693225343
4.308784099755309
1.1062648072463004
3.777061521159419
1.2883067115971643
1.8340557351157587
0.24838639945774096
1.0579452439378616
1.1885030810109782
0.6987226688030788
1.539104430478063
0.7211532718344716
0.5975344709581909
0.5602713557737937
0.40032276935080036
1.474869481885788
1.2282183749580042
1.0982118390347058
0.3028032621368529
1.6592331291463405
1.673600875748935
0.81967180094216
0.9000644827959716
0.18026895932755357
0.23071718534378832
0.16216520978105564
0.27738933332944354
2.02874488886759
1.7710947388118274
0.5328228278763157
0.9299863093246425
0.8159187526135325
1.6355667701163603
2.2894721625422614
0.9035605800974154
1.4296281407080802
1.4609336534135662
1.7568946956679614
0.9988155382387227
1.76373212218834
1.750891946498988
4.891370786085182
0.6579924194205223
1.1919431073943443
1.209388642005738
1.7659729309977756
0.6107582853210209
1.2371614927192442
1.2215441272103575
4.060912920406496
0.9143012431301751
1.8017985079671317
1.737699179861719
4.875440200676361
2.0224059467361744
1.929878455637163
1.0880025079442348
0.6189818697142848
1.7089777978959613
1.7277019921969414
1.7048201030993435
1.9581210939193943
1.6774215922239788
0.7204994185836039
1.2683009351521997
1.5569326507389118
1.7800823973896207
5.834118206173361
1.0562072420800255
0.6228157197434238
1.2342907099092273
4.163406014478797
1.5808967501629534
2.242670895836196
0.6463197078295666
0.3509835085476386
0.912475000819948
3.497176695343749
1.2007142581029864
2.959315688013282
1.0293846618389177
0.8994748782510792
0.59187216283435
4.59122882291215
1.5455684011015243
5.884812472846962
0.9601403668778896
0.6272540119449093
0.826053693691361
4.051526198451626
1.2606014874855447
0.19467259285284938
0.3061060703178069
0.021489149225581212
0.6405147462431244
0.8523874434177507
0.5432657260131222
0.4982860869795816
1.5860322766490897
0.2727719762179224
0.24466960537499344
0.0287395279707012
1.6494385870158284
0.26871983313557657
0.29276970948202985
0.029930024548858805
1.4423568748580762
0.5924230542998709
0.2114505653972645
0.2680107831390399
0.3489449994879932
0.5929365580595504
0.19072530989405878
0.2579472186267794
0.5377152746666268
1.6127642153755972
0.7749525064865193
0.521955917869964
0.5479947265558771
0.6576611738418918
0.8744432622205717
0.7889585388747576
0.4375551447924964
1.5843729802101816
0.7532074416464484
1.6664216827767304
0.5263960802378289
0.41661348852383423
1.2260871433881457
0.7532074416464484
1.6664216827767304
0.5263960802378289
0.41661348852383423
1.2260871433881457
0.5093910470453777
1.8574388153798693
0.4122223378304274
0.34736724607605346
0.8839333105938956
0.4538110166078668
1.3058834119576561
0.3797420607315467
0.282675467522998
0.9631431990448793
1.3265498677064336
0.7675139555574682
0.5760265476417967
0.782641726386064
0.7683882473055104
1.6469952465564586
1.2933357853095981
1.255262899349491
1.0882523781415794
1.0993545233173738
0.9961692661766819
2.0683265684013254
0.6224361170188136
0.8669799476426915
1.0578911211818496
0.9961692661766819
2.0683265684013254
0.6224361170188136
0.8669799476426915
1.0578911211818496
1.0882010800020216
0.5639913161018271
0.5814795900729377
0.5124127499107802
0.5139220859091385
1.525319479666802
0.6694091134682376
0.2082268879903826
0.4357870330815823
0.6360286250097151
0.5042440193166344
0.768722189038874
0.9377764481270165
1.5762671060583124
0.5445451151355718
1.0792376563452943
0.3219978873730751
0.3301452032728557
2.1813984067116277
1.2617479579273427
0.18894084435051506
1.8690952362225632
0.24445501683762394
0.3979826680059045
1.3309703996807465
1.5366031280277999
0.23491004440875232
1.3095318176853952
0.2358250809024831
0.3838820300610723
1.2878666061087118
1.480803018868961
0.22712587026223138
1.2611434549272813
0.2863137901268076
0.3074919185205318
0.32677737998937617
0.8729076021289737
0.2039556688222874
0.17588025039964572
0.2579756823612284
0.3416048404633253
1.94529799889954
4.566087773853239
0.19093467571329675
2.4727253974963443
0.6929950205656223
1.0716913067887597
0.17531672758554492
0.43674236264199023
0.36946231022747245
0.8114730038768391
1.064004153329727
1.7299397113451631
0.4097004283798471
0.18941514995670342
0.6267286667433416
0.7997751776418749
0.9088379831130626
0.3917943079274963
0.829308825182416
1.1233128964175148
1.1448490861253071
1.1072631551906318
0.6147131891453782
0.355662834519043
0.5432639360959444
0.492765096942318
0.6031540891740236
0.4781795774369908
0.17587371383132777
1.078649690996256
1.0897430665305943
1.0282324541118357
0.5611276476241371
0.26234719426553244
1.054507784840335
0.07705522851812266
0.9176569495921498
0.15830065108707847
0.8247590904694391
0.7361933299571475
1.6693620140037866
0.2977315150367489
2.686597244135504
0.8108368683328424
2.6861086972297743
2.7598313126866754
1.521439848610198
0.16110246103036877
1.894953121868099
0.6381635428610613
1.5977420141958631
1.7642292062277782
0.8492771780839181
0.3114148220565318
0.8356024419731773
0.3128613864969421
0.994400291397527
7.003054768084347
0.6242090501564104
0.21242917043641307
1.1825130196834464
0.697894606777169
1.2317925984869522
0.5496701740590213
0.9122404078341806
0.21024511128588133
2.2675937727865807
0.627894564765395
2.1103693010247717
1.178467526724714
0.33625817374289535
0.9555885371880346
1.461780937480979
0.8270303396811861
0.25726730345146576
0.6658464677863196
1.168388495184528
3.3761179287942285
0.22699226519242613
0.6528435496211121
1.251031041536662
2.4446919265191984
0.4349052957113508
1.0747199026658003
0.9885815573986003
2.8797863303174074
0.1420446938170492
0.40325518686375905
0.8984931637279696
3.5544428906656886
0.30369786713274516
0.5335152077761558
1.0767702467102227
1.8559179683181317
0.7900191346268466
1.5351934317696616
1.1744062998721025
0.7954101776764904
1.4351745434523466
1.1079141566073678
3.7602413094209397
1.6705281200229458
0.1752013419122572
0.5017022368546841
0.7050763214851716
0.3334333019214232
0.8427355153086181
0.9980829889394263
3.391078629972735
1.7530158921639638
0.09243389476426156
0.25671132222980386
0.360114115487311
0.17174909298271346
0.7830863019743026
0.30555031873583416
2.1330506226544514
0.8451610951000901
0.7866313866417074
0.7089489844207484
0.958026661140887
0.5708976190869244
0.9557656013018273
0.5530438927185708
0.3743850948900241
0.5453503716260356
0.30197878439339393
2.802743104656853
0.5112182659285878
0.7508629678454188
0.34454516745492997
0.7382619291806737
0.42377991465031883
1.0091445373406103
0.1945150651181163
2.4257885692064947
0.5621065705568855
0.5672059652536259
0.3134959348004363
0.5665541364500922
0.3915025593824836
0.6931804040413734
0.6909984567427739
0.13421048291435503
0.42541492916143
0.6272752786528355
0.4164207183823093
0.14808005461424592
0.059737439713577575
1.2164965176106748
1.1067669747673565
0.43105157456328436
0.3059921859976087
2.466945494617314
1.4841365717219919
0.6992593935532578
0.26351357976243195
5.643794430916163
0.5631443305597881
0.05752220135400722
0.1725303124409741
0.2971906162569714
1.309604608709264
0.520973286886265
0.19467925883765572
5.202197846398441
0.7877492155704193
0.8815003510343442
1.2675513772146965
1.770647549899202
0.836822239152954
0.41210678800232015
0.5233551127746647
2.8452239877131036
1.4777535648841318
0.42753621864515245
0.9292193310672499
2.350955203019441
1.9471799638903984
0.5316638307588458
0.6751866074660229
3.4653987431048403
1.0725673229990633
0.3253160346363642
0.7070510869189028
0.6779275146604447
1.446018304191477
0.44569653304404316
0.969050326028218
2.2055880621407904
2.35258387622529
1.0259644627044913
0.7739858268978805
0.9415534017938736
2.0693170757582027
1.244743149588122
2.1046530980023985
5.462091303922454
4.354167113013671
1.7509555285863134
8.569108641971168
2.3852924532807234
1.3631183178260615
0.8438014092715411
1.499082316388032
2.877878660132546
3.4807636400550295
1.277324774827552
3.8880293996726243
4.105490393730272
1.656457204388067
1.0810908493464841
1.776196775814494
3.6914637391894702
1.1727124287640325
0.4755472209808353
0.5457544503985909
1.5678879800486705
0.8538428858456588
2.382752778234881
1.184328624549395
0.4873830196152391
2.4925862678427904
1.3486158304666684
0.9594894301368305
0.2515686528744079
0.3355970746751535
1.5611611330746147
2.1166565003251456
1.3342999664983362
0.5472522274499267
0.47586213908787417
1.6654577482281518
2.0924676457968734
1.8571375276809459
0.32220000648102404
0.4037669821756457
2.7045318995520224
2.948356607649305
1.7222196460208983
0.1888839777998364
0.3048650372831704
2.933301041405636
2.58880705405504
0.748027365497529
1.0249739296029923
0.5698761386307656
0.7726740364648941
0.988989972244444
1.0231097226856776
0.6182741263084259
0.8136457655623686
1.572396306582938
1.3630606243689856
0.8442145309427285
1.1151231536787694
3.6259381945721008
4.044559786333374
5.064083396891535
2.8550943578052648
5.140939873122097
2.2255362746539036
3.7805747345759197
1.813659931567392
2.0503505266349076
3.4513510772899902
2.1245124455228708
2.6247235603886185
0.0
0.9911433981136014
1.0873442491773642
0.8178334781322347
0.0
1.9249904608200528
1.8812746303123067
1.4338607921362387
0.0001661927997990852
2.4854055557495998
3.1221475664098763
5.3334860173370515
0.0001195730551296476
1.8630319975517793
2.4475635120287613
3.3303456136883405
0.0
3.274036891781253
2.51073467176675
1.8929892287993408
0.00013144310980372877
2.735403110090544
1.9543323711701934
3.729215546581684
0.3671711264870878
0.2635016527298113
0.35211436658168727
1.1319143767618096
0.3249899717973145
1.116827640939029
0.4814409070600135
1.0751315924996887
0.3429759460555507
1.6409156938531289
1.792083313410651
0.5756360314970469
1.0374677124352125
1.6403835852384163
0.5596945175398595
1.0727756227827925
0.7071965905858935
0.644362598904872
2.33716567720064
1.2917374616277153
0.9189544912221815
0.20652527774317084
1.5623676822809243
2.6168927403949165
0.3605859990026917
1.8881035649383278
0.4858109610236776
1.4585907204184723
1.7134490565417022
0.41599915621133743
0.3576345848601272
0.7962968253933329
0.7138277513650408
0.928434470546484
1.4979746954137663
0.38256890296737234
0.6745703749252374
1.4573722496446264
0.6692555166014929
2.849279122976785
0.3670788166224293
0.7574635036443162
0.7539204607203192
0.7990116444274654
1.7162631381822147
0.23571071979415026
3.348802186255541
0.5519109319765696
0.6083505803912072
1.3197853358859801
0.4661369749176653
0.8369683388578869
1.4971218695657473
0.5527179246859075
1.391617381062495
0.20644190905207624
1.2120221470229273
0.9108927157021557
0.5328101127457342
1.944603041201434
0.8511954484511655
0.7017951537363503
3.743906985689458
0.005784138534364531
1.1765974388225136
1.2167119475077623
2.0128518714408603
0.9873128421381323
2.8098396354490776
0.0052596184000316395
1.8288101853736825
2.5586604451466055
3.2103129775354655
1.1791599539086257
1.3408696421327049
0.005579639664643674
0.7990789713245463
3.7448774647573133
1.4362334859915342
1.9422558419542817
3.9506651053482993
0.0015011868185633302
1.6152224779075908
0.9769939587286558
1.568227436215328
0.7052197549928113
1.495623838370754
0.030663120666868465
1.3140096670913002
1.5873390564029977
2.101179555906974
0.9556460869389866
2.99538519327003
0.0032404293025514
1.7866556714134842
2.5266403244370244
1.1120817514606456
0.0
0.6329342747452018
1.0370793411740251
1.1573922449159222
1.6119825663919818
0.0
0.7731303211709128
2.8182788615463776
3.933705697778178
1.6123852959142402
0.0
0.7797586626487425
2.4593197130627726
3.8533571484020968
3.9807648589960625
0.0
1.1229145419639142
2.1987890407335082
1.3773399533432307
0.7852521705826531
0.0
0.7637166917080567
1.485470398131861
1.6126610191762738
4.1079887081827176
0.0
1.2754155906911147
1.4226268541376064
0.6995554291236283
0.7788682550711468
0.515133035533686
0.6794290663245385
0.3789548827074226
0.299087930672895
1.0830206805993243
1.2632751380504263
0.7739700330376741
2.9501010750911045
0.7030997126679348
0.3281012488662232
0.3876813853543346
0.2584629731948169
1.2047811392888172
1.454054649608079
1.693588390374786
1.991687370469206
0.42695848903521527
0.2966014215708792
0.32025400827524664
0.19907442493688987
1.5915565974009371
1.2743442885320047
4.730784074851629
3.1103563588425938
0.7101679936938043
0.3307545273504592
0.39148714300936643
0.26055310314134783
1.2187377702547944
1.4709288654527715
1.7102142174983177
3.1103563588425938
0.7101679936938043
0.3307545273504592
0.39148714300936643
0.26055310314134783
1.2187377702547944
1.4709288654527715
1.7102142174983177
1.6013474983407172
0.40026474951093705
0.3394477829206544
0.27964783198003984
0.1714524356701605
1.1799545530015532
1.2106944123671306
5.747802664072772
1.6774677581868438
0.8415779949014932
1.0270794777884737
0.7733884351734079
1.4677128674238495
0.39475247156975
1.557303414910666
1.248130169364972
0.49810490837605054
0.3571689288645362
2.6896493434239233
4.177037684461301
2.031643864233269
0.6634523241764051
2.5883888365802643
1.2439056178969243
2.00461781880269
0.5068059912527121
2.5520669759358934
1.2264985133713746
2.3205742717434434
0.6551316843063081
2.364032740200913
2.131391074551302
1.2644620123649963
2.133142678337159
0.8540787269093554
2.5960745196072437
0.44785318777775884
1.1875591705207202
3.292456083481212
1.198100507666489
2.09810804438357
1.6190619186950672
1.2289863488103006
2.0625032883224343
0.9533704198255957
1.494278790332459
1.8259877923826835
1.5816643267674457
1.1099023455784711
1.566462635122374
1.431121558777041
0.9667480066845004
1.6304909581393643
1.5338251376124026
1.8218454838683342
1.615655476249488
1.713005854747375
1.2113922523831815
3.3152234097900672
1.217821964708767
2.1264902778369166
1.6558333853814977
0.6551684111898203
0.44556939739598983
0.7707137899415478
1.1319234556059719
1.292157251181366
0.6029085596460853
1.5324926154870302
3.7552117572759167
1.6556103106455402
0.9412529926511849
1.487731529075832
2.9060115549936114
1.476537927623836
1.345667412606968
1.2640843255520176
3.318533805306018
1.3565535759455638
1.3961960671802573
1.1020914629810759
2.385416629538423
1.2478727172904116
0.5570199715954902
1.6813401766059288
5.270876719486202
1.2237294761022737
1.4000164786883595
0.9752950345047084
1.0844912034014977
0.7612690219406998
0.900201731647259
2.4244817216728336
0.7337078321788852
1.5113491619478527
2.3137760211232803
1.0152664296035205
1.4033148232728134
1.3551866419049996
1.266993499456066
2.0480536870350874
5.615082786519583
0.8762389993938511
0.6901800928890413
1.7149671720306476
0.6942117036040841
0.9102328084147143
2.0075626182671624
1.6319403609976861
1.0827975396206033
1.6717635225901084
1.3282082735302532
1.3918804118203623
1.6469186569723964
1.6201791997969672
2.7451138235084556
1.2219011809808846
5.3462330841714785
1.5745582907171383
2.6691197439308416
1.086822801290366
10.0
1.5745582907171383
2.6691197439308416
1.086822801290366
10.0
1.5745582907171383
2.6691197439308416
1.086822801290366
10.0
1.1015067781878827
1.5428026878852097
1.1403059738369763
6.081018676527635
1.3632969711214793
1.306007070809407
1.1926272382675933
1.9161799366960817
1.3664269590294502
0.8971378469870749
0.6794422845774811
1.6819250864247215
0.9522949648618058
1.0566982776429874
0.7353848645728309
0.9052577083592701
0.9616645941188913
0.9120587950918806
0.6859867028182614
0.9178071730553995
0.7844412941946477
1.4174462847173834
0.7395768683687097
0.7094898351849523
1.2647735161913252
0.8405579040337628
0.6360930200005889
1.602299939655545
0.704728011663035
1.423088301605723
0.15081341135181126
0.7381014612342031
1.0694291662362885
1.5415662137159618
0.9276718260741847
1.1466572981064815
1.5670392300838742
1.2592567217494994
0.16744743234864132
0.9701541654524205
3.4065380977959867
1.0875408062471732
0.19082291777995516
2.7342841088375733
2.0562123320977217
1.6414491667553577
0.13583742418248698
6.646288118724445
2.6139382823013584
1.5691799316904997
0.27480522607010016
6.240378810625675
1.3684375372489543
2.1706002447335355
1.375189351628128
0.8423299757798418
3.0783964221049382
1.4870777373257784
5.333342880418607
1.2461300180672237
1.567142542521425
1.145027957600732
2.044933780174603
3.572006726308622
1.8070763470776232
1.755221711769381
3.9219904767891665
4.0455874651746555
1.8070763470776232
1.755221711769381
3.9219904767891665
4.0455874651746555
3.335083348509593
1.8987697829374066
9.242400966265054
1.5680792153575762
0.8774711499487418
1.4821371780055643
0.3366670737820357
1.0021759680413815
1.3109062546587211
3.3102936097620854
0.3917459228860349
3.537069433544774
1.0385277312347823
1.05730186954412
0.11881824038266917
0.7316387541567625
1.1412485155458387
3.223413486475502
0.2989105555627324
3.891786117755869
1.1412485155458387
3.223413486475502
0.2989105555627324
3.891786117755869
1.0487758193006758
2.8329388311828927
0.4314821542118629
2.135725756170466
0.8918674159210467
0.5320022503212035
0.5733945739869879
0.15149551179562304
1.2137017518872266
1.1228142978509903
1.2925025925086155
0.41963399882616603
0.9566929972666312
0.9033290317293237
1.2374086932104744
1.0832946613951329
1.437249667206334
1.0321452981516661
1.452449040608152
1.135576374081637
0.931820451608069
1.0979600769219742
1.2209303593270895
1.7363960918395447
1.0259566082500016
1.212531747463018
1.1286096656319498
0.4855925533832963
0.2695704147694943
0.5609175159024419
0.2089587764945025
0.6384226700779942
0.3279185232416598
0.7014028484693411
0.26871323121162677
0.8399529430910585
0.7669994786429085
0.31695562104481056
0.5262979530620822
1.0211730518618352
0.6934422163391183
0.5908484550135794
0.6153073631234697
1.0022647673210034
0.9313259773330287
0.640426220719324
0.23004348611450734
0.7028418672002399
0.746317435084838
0.6417388281316121
0.5315898447878193
1.0088201140870294
0.4370103986297944
1.0746981282863477
0.5229793938792329
0.20251956064476928
0.7280097184501731
1.9182551775553414
0.7301854142875602
0.8302820301131463
0.4413616791072472
0.7947642521288147
1.4067922672486086
0.44093187897516145
1.2017734308676156
1.445568691569761
0.2893214532903608
1.603154139961318
1.4920796073254692
0.280775265079115
0.6221123119217778
0.6768891313918336
0.9542093963150613
0.694144317189605
2.0862769454187466
1.3039350973352737
0.27870445302200136
1.5929904209602777
0.632412071873474
0.6987857959707776
2.096808544645499
1.0448356083501715
0.5476941981134411
2.0623600093298418
0.9155253178379853
0.24093451329907156
1.6502315888390293
0.5908296590093884
0.8191260457868947
0.2606137395908482
0.47276964723539766
1.6338347078908702
3.062326186117809
0.5705364985561591
2.845581402295012
1.3763272741297303
0.9479720503993361
0.5592472589760356
1.8906105555406183
2.018759200393565
1.8478848601112325
0.2263442151402428
2.5276677972131774
3.787826793738151
0.9725240849617091
0.5587116175972622
2.6630293990397416
2.08255920710413
2.051115418625375
0.32240499048305826
2.048214803348584
2.625198591660026
0.0036534165856138352
1.0782416683221023
2.4739021658888034
0.31782340981798307
0.0010078253444174854
0.34923550573169587
0.683077440317742
1.9323741845890412
0.0028649711747238114
0.389753526771765
1.603447486016322
4.084163570611113
0.016084742152876374
0.8356937557456462
1.2429234828324147
3.8636550843764916
0.004382180619605112
0.6693610288027657
2.072140939119558
3.2273832241199285
0.00439517421453413
1.0502412018247922
1.5081752615680102
5.056208792350718
0.1578327417362382
1.4075699813952902
2.487159297469559
1.110222228016151
0.052035301871614856
0.8587066591600201
2.435884674009286
1.1632182437488703
0.07189213816177709
1.3208259275105267
4.853686883352778
3.403721489692553
0.07065884065994901
1.3544039584292533
8.432154447104898
4.306073035808009
0.011285712321973803
0.5710287356056745
2.4061663153414647
9.374829236334602
0.048499466711007355
1.2767551546209033
9.152578780078748
3.565656438780727
0.5410028844740847
0.8745305839493943
0.3959569895516171
1.1195669759342386
0.23337635408925295
0.8704905465198987
0.6659311461176222
0.9344469064419864
0.2880611072194678
0.5851195919069413
0.44265578677117157
0.7911415022223239
0.2913525413107312
0.5916782172885586
0.45626712094997884
1.339399089970108
0.3776834183988073
0.7688811231598508
0.40629126918652386
0.7261486117433376
0.31261874489166175
1.3746100153790064
0.8572659170635843
1.1993343496471534
2.0380389760483726
1.8339034742011346
1.7780251664114748
2.296635644871109
4.658250701392138
4.49982557297309
1.5183749149223893
1.7509883746155965
1.6976025682142701
4.708609167200629
8.231311957320315
4.952299005900431
1.5247441162508115
3.2078898722718834
3.0987154893890025
1.8726137078664606
2.118079435657129
2.0506898880061843
0.8875516683934532
1.2326071842752544
1.335620059676963
1.5601887317008478
1.9088171778897363
0.7886890870184964
1.7376086512693178
4.030572896818769
0.6486540186879947
0.7736446076125101
1.0932728204532354
0.875517009044431
0.6560578554321304
0.6587719894413796
0.8366998178278527
1.4354804054137895
0.7138698535167167
0.7615240591192051
1.7096638060164233
4.080336731797887
1.4763275678670724
0.6308400344971754
1.859808452178557
2.798830785831643
0.7096504351152302
1.0011818560573447
0.896525571395116
2.588336078912092
1.7523057362129668
1.3974097519404283
2.993204699306686
7.205272060179678
0.5063252564618671
0.8897015931215932
0.9795507698350472
2.4661967065055075
1.414585448236123
1.1992307155912483
2.1113383369189767
5.830048882041112
1.3747708954152071
0.9278581832638748
1.7460610514119685
2.0610563288157606
0.5700465419739102
0.784504942364429
1.4498699777100783
2.6288437057843383
1.0832082574474866
1.0843550335586354
0.21737413230633204
0.9483670417208644
0.4055448635953271
3.1041133501509393
0.10527245105316461
2.797546037062843
0.3571791480260611
1.3528661994147198
0.08861701675832143
0.9675734541583104
0.2744572854658069
0.998355033336471
0.04065724902973626
1.034203751511075
0.334485278572623
1.0595712841371903
0.057421585442802445
1.0357369325194827
0.39818816002289037
3.6859980106561547
0.09215315886170743
3.5102907900385256
1.9930666469990177
1.8228612666786914
0.7612217003879234
1.0346451297183141
4.291968870330872
2.744933530092351
0.8505515879278851
0.8769281582451683
7.826157864232397
2.116303783197507
0.8144553976670587
0.16554259031715787
6.15479923080711
4.388489000439425
1.516687456923673
0.2956753321712443
1.5655523338704258
3.0273045151772893
1.3381200152078412
0.9137283013181386
2.528607176523509
1.7446706068990983
1.0843509849870285
0.17035377826458878
0.8065263827411185
2.9739827874002547
1.2983883607434408
1.460609397939039
1.1296282275612057
1.1151555146406869
3.78955668438425
2.795758487590784
0.8023851067025074
0.89672578290543
1.3671892088229056
1.0470196664223366
1.0327586304689176
1.946943091479646
3.0236780373196486
2.999744168339231
0.42775377709871004
1.4460113736937819
1.6416915258086493
0.6358158894888208
0.9531375022456805
1.4271980167225096
2.0495916841132384
2.876063733767153
1.1397974008261356
1.0508767451985943
1.205678044373358
1.5039552930514197
5.540700428444164
5.9576903926050795
2.673026650358004
1.242160141355497
2.0122633529770138
2.037069152168056
1.9299148481153252
1.4512578892616947
3.176259675034523
5.314552958010062
1.0696726459525319
1.5485343145714188
1.5328526946819123
1.6051811682934183
1.7058723301469492
1.2032010449124328
3.203908170069737
4.655137438917929
0.9636125141098534
1.303715671771586
0.5418207128744531
2.6984524046664933
0.006702268919584024
0.25870254645331464
1.7169616287603264
3.601608418778736
0.047604106516454726
1.2448585136061197
1.2575604992614142
1.838288993197359
0.03515915342470542
0.9827937139850049
1.1838220693296435
1.5086148087986806
0.05254873665226242
2.0227327209959043
2.3312711100238555
1.802379754856471
0.1292432322011165
0.3641356644459194
0.9088163200834186
1.852691817375284
0.01813173613703438
0.7165341288602374
0.5064365561842019
0.9135090286986847
2.315282894782893
1.1874589199554246
0.1719697299702662
1.943568609602603
1.6160265412905988
4.455413800765459
0.08746462220196426
1.196378993371121
0.9608429350268183
1.4136622413634221
0.2086209833903467
3.3795630959302345
2.047470063540105
3.579476628316813
0.2086209833903467
3.3795630959302345
2.047470063540105
3.579476628316813
0.2651234873623689
4.701737579703943
2.068312690516743
1.8732588870465556
0.5329100633543742
0.3330216076368231
0.6806140909249101
0.5967546724577552
0.8132437834633979
1.355668107378114
0.5105503787694818
1.0190054303300324
1.276807364005205
1.6915093131470353
0.9692667793087052
1.333703142343801
1.238779999420464
1.6811029366013484
0.9423251167249729
1.2518352696662158
1.276807364005205
1.6915093131470353
0.9692667793087052
1.333703142343801
0.5750503136880565
0.3508047837327843
1.4947093749420466
0.5304161662460948
0.013627523803317762
0.1732205976323279
1.0029933608326627
0.6623268837554883
0.004251251524184037
0.38749133846837763
1.0536376912287508
0.965300220248754
0.021920193494500494
0.5788115070875733
1.2027536307118794
2.0275104191154667
0.009193191142088627
0.22888399770340684
0.8770981566041615
1.478915590394392
0.0709197541026277
1.3969017605735037
3.041008441554661
0.7202011827136405
0.028511719817677496
0.5541672343993805
1.1988835081106326
1.643828091010646
1.3525955172673763
1.7939427924290852
1.4094786301138682
0.6713774263774802
1.079683197671564
5.288365633393914
0.6713774263774802
1.079683197671564
5.288365633393914
0.7831509729328243
1.174828121021948
3.9854660859774773
0.8271843261925266
2.8313024812094696
3.022108488685906
0.9261684400822894
1.314759186369796
2.3723805328132404
0.18830729743775904
0.19251073610129607
0.6759221491072085
0.6152171375405913
0.3269506202276195
1.3101483520586543
0.897671175277245
2.621074802790801
0.2651485431965914
0.24942512858290444
0.7956891739422555
0.998972673478695
0.32790862307005075
1.31109245114747
0.8976156605160817
2.666985483064253
0.3678722697836304
0.7362063933929242
0.7732558583368805
0.6840125744696963
0.24313771418850424
0.8241666922498179
0.7253885848427746
1.2045928223990594
2.2052930096413146
3.31720547900178
1.3305176885144234
1.4100082803877738
1.6176732770099203
1.637498053671766
2.331056196006037
4.796179180639711
2.0095110694385703
0.9406678115332405
0.8679637644924466
1.405509059003963
5.85157649107423
3.2367346076561843
2.2426074109886516
2.732366172443323
1.9387608483366652
1.5619977874726612
2.5148214450053845
2.1373921820334916
1.5523697854828615
1.6435166938879051
2.4544288253030864
4.895397021176602
0.8615257203106363
1.551391160214144
1.2591154368743227
0.18535359792921588
0.10026097564036651
0.5939616846680075
0.33807572559801913
0.9623851510158719
0.4340286164011342
1.5463089297234376
0.6460489107578884
1.6437247374138384
0.31512903067868575
1.3183707749492024
0.5090149855586452
1.7010957180125883
0.4456633022480794
1.4102647298331057
0.6784578594715429
0.8621080830442628
1.602060404598985
5.300228983158051
2.1572891629350948
0.33245391131016544
0.9197719377847431
0.45089676868584516
0.2991793886286658
0.6335752420460973
0.5741815099546138
0.3597264913011474
0.1202834492864652
0.542933614208235
0.48863020522705053
0.35890711084867416
0.12000946916688912
0.8921220135148451
0.5587007021364149
0.4218033313378116
0.13717650121547098
0.9918014233674219
0.559784083731861
0.46529750889399063
0.21695131705818688
0.60798910467137
0.303791338789149
0.29584218079232805
0.10170850780491972
0.48254551819393315
1.0199830938000183
1.6460493136804055
1.7504278926506918
0.8462865202401237
1.7662202481729783
1.7821340738160338
1.8564491152811722
1.956144272391378
3.6563812562698814
2.727415959354273
2.8309271646105523
2.6906543165414725
3.7120487188079276
2.7629536694275973
2.8686076270225707
2.739635391598804
3.22245122783676
3.150344949698427
3.2553765641070855
1.5242031605253232
3.951361683176877
3.8775835777004986
3.991278833062432
1.7448608413567723
1.2971340571567476
1.6366983137670514
0.6190816304935352
1.2630123178759278
1.393378020286387
2.12287785658297
1.5042440395766872
0.22473435292599458
1.9324678037563423
1.6702871860421866
1.6812013496691685
1.5365001141791161
0.34846008505478787
1.2660822942482464
1.4485425949122432
1.6186262439013657
1.433951306914577
0.21563962715698842
1.3655643849545402
1.1743915326400913
1.0205295512138093
0.6498018802052428
0.43897092810126
0.7129423703166466
2.606561748882996
1.657493099064238
1.511706490911018
0.27400976651809245
1.314353832377952
1.2858789179226195
1.7647107577084484
0.6182485562311864
0.3185353035624444
0.9272456705881396
1.5318768738590458
0.35032613447530975
0.7827328769276025
1.6826654169218527
1.209401440260423
0.6315166954834821
0.8155813584831871
1.685996449809795
1.366336274074862
0.6123262304980381
0.791763080281489
1.409233909843425
1.1652894796697721
0.5340451425344217
0.7733064275170985
1.372454198837618
1.0087242020344813
0.41523407924152034
0.7551901118096913
1.450035392330897
0.09744110191572895
1.3933225647465184
1.0876997927275558
0.8636932935209087
0.0493893324198961
0.7794525101467199
1.7645975102145475
0.9402599241971668
0.1047927945682669
1.5122810520815078
3.1135772108634585
1.8117083267203447
0.11945684582018917
1.5353584250294015
5.705289921176371
5.157118791342143
0.09142237483008225
2.0694507848099826
8.183761575795842
2.7392952022521655
0.07367796294170223
1.4187669360864654
3.1892656358934524
1.7273956628538825
1.1157951758395084
1.0225603262193117
0.0001651746359749403
1.8821842986517245
2.823498537058487
2.51211887009412
0.00015786215551631135
5.168344532288849
4.44274425095762
2.4694613439115525
0.00021546509549650483
4.802222826496642
4.456885561087061
1.513889454417336
0.00019135851684363758
1.7256604147449512
5.07284665003536
2.364040786468788
0.0
3.7402164834091813
4.611702267795073
2.4832416865160485
0.00018134224422036496
3.202286589392749
1.2598424041198446
0.8272655785411835
0.4447618391522513
1.2087365260129304
0.531539974995847
1.2740555565929417
0.43829346657849666
0.5256687230305794
0.36116121914161836
0.898085820411173
0.34213475879875066
0.46014390151217266
0.5940683724830695
1.4259328960854374
0.5229152940962711
0.5573534354559772
0.9199513616308617
1.2695799479772814
0.39850580249049816
0.4542674047897859
0.5886816973294862
1.862561224615582
0.4215024479769425
0.5603612106258499
1.5468442664718602
1.917958147755692
1.8329752333624674
0.5985100154062029
2.660049399274773
3.7523617701818033
2.6953958324058713
0.8884313669160961
3.324690593895334
4.484622958677139
3.3642965493167547
1.0024777046757058
3.324690593895334
4.484622958677139
3.3642965493167547
1.0024777046757058
2.4045876295117803
2.455654288877728
3.9539500187051004
2.489919676465165
2.0150911131162523
1.707533092426794
2.7045090356325647
1.7284795767846797
1.7774260048977069
0.9037443858147708
0.7775845475850912
0.4085408570281162
3.3393205471604643
0.781216846572521
1.3967055510748916
0.8423395943743888
2.376869545275162
1.012140060301827
1.439856826161273
1.1348220276151033
2.376869545275162
1.012140060301827
1.439856826161273
1.1348220276151033
1.8393498018090306
0.73053717943033
0.9974336846499655
0.3854520047112654
0.8756726588306084
0.5592508768883779
0.7254925411608898
0.3983416665309992
0.6684114233606
1.4118859207254717
0.0
1.9530983624149931
2.019722400506361
0.409331971430058
2.26146815546951
1.1651704449754061
0.3905239469864982
2.7746095094454573
3.4440493030430686
0.498675120567286
2.056685243379148
2.1698837791592984
0.14574724048411336
1.489012272340517
2.1201171766235762
0.47035875861650484
1.3421131742953283
1.9952357080171157
4.978530037682669
1.0022229739263595
1.1348419089746884
3.2962638547536187
1.314781588642063
1.4616248118799238
10.0
1.0074509355574521
1.140069870605781
7.670038476252314
2.2486925062029846
2.379203797047496
6.283128019392405
1.2644137345307895
1.403505820920429
9.26362536835132
1.853282070084178
1.7672278921664613
0.8270942388691861
0.9299561891606635
2.741713571486341
1.3157314528417476
0.7301480373367115
2.0080057671282114
2.3425147005510176
1.6328524367528305
0.4452467195147166
2.029312357256698
2.3821843721839246
1.6983636273933693
0.5217774660412622
2.84205895188115
2.0643184819276823
1.6371392268549756
0.6622947685912186
1.7764678100247053
2.8035717467447037
1.7310590065876916
0.6511939762641203
2.633533620260948
0.10906520435363304
0.18442689186239963
0.14815971900118907
0.17234190250439954
0.7926437167945067
0.2964201250574424
0.7710767613889035
3.0381112369150753
1.242264934928263
0.16188014888492097
0.5321265304518108
1.1378749697747041
2.1731316152322098
0.5861637264331476
1.6587417034993148
1.812273284157492
1.1912602889910613
0.4527906865294492
0.4401817054887913
1.9704306559559794
2.192646131887036
0.6865545981819414
0.9729652640438463
1.6299760271925179
1.9762900971939774
0.7583750858421611
0.7393068481913376
0.7281791912393467
1.9697664955538392
1.2357287980669514
0.920704062462737
1.0362419237266154
1.504545739477323
1.5312635806129693
0.6170089279167502
1.9280646947370985
1.4395186183719
0.657809556635765
1.2803995337387506
1.4215251462656515
0.6606492896969675
1.2847400305957823
1.3970219287867383
0.8089592426241694
1.860700561981434
1.3034901810960975
6.08844950713252
1.168812623222094
1.8035635350622972
2.655578883890354
3.4028603495756005
1.332940613095868
1.833802103632861
3.6591820793111616
3.693010400013248
1.2128610857053788
3.2691179302310873
2.6881615672321137
3.7252483361566395
1.0777672057989518
3.032482734691901
3.916147438130366
4.10990094238416
0.9443859356395063
1.7934143607144046
4.2796208227618955
0.1578327417362382
1.4075699813952902
2.487159297469559
1.110222228016151
0.052035301871614856
0.8587066591600201
2.435884674009286
1.1632182437488703
0.07189213816177709
1.3208259275105267
4.853686883352778
3.403721489692553
0.07065884065994901
1.3544039584292533
8.432154447104898
4.306073035808009
0.048499466711007355
1.2767551546209033
9.152578780078748
3.565656438780727
0.8875516683934532
1.2326071842752544
1.335620059676963
1.5601887317008478
1.9088171778897363
0.7886890870184964
1.7376086512693178
4.030572896818769
0.6486540186879947
0.7736446076125101
1.0932728204532354
0.875517009044431
0.7138698535167167
0.7615240591192051
1.7096638060164233
4.080336731797887
1.4763275678670724
0.6308400344971754
1.859808452178557
2.798830785831643
1.0832082574474866
1.0843550335586354
0.21737413230633204
0.9483670417208644
0.4055448635953271
3.1041133501509393
0.10527245105316461
2.797546037062843
0.3571791480260611
1.3528661994147198
0.08861701675832143
0.9675734541583104
0.2744572854658069
0.998355033336471
0.04065724902973626
1.034203751511075
0.334485278572623
1.0595712841371903
0.057421585442802445
1.0357369325194827
0.39818816002289037
3.6859980106561547
0.09215315886170743
3.5102907900385256
0.5329100633543742
0.3330216076368231
0.6806140909249101
0.5967546724577552
0.8132437834633979
1.355668107378114
0.5105503787694818
1.0190054303300324
1.276807364005205
1.6915093131470353
0.9692667793087052
1.333703142343801
1.238779999420464
1.6811029366013484
0.9423251167249729
1.2518352696662158
0.5750503136880565
0.3508047837327843
1.4947093749420466
0.5304161662460948
1.3525955172673763
1.7939427924290852
1.4094786301138682
0.7831509729328243
1.174828121021948
3.9854660859774773
0.8271843261925266
2.8313024812094696
3.022108488685906
0.9261684400822894
1.314759186369796
2.3723805328132404
0.09744110191572895
1.3933225647465184
1.0876997927275558
0.8636932935209087
0.0493893324198961
0.7794525101467199
1.7645975102145475
0.9402599241971668
0.1047927945682669
1.5122810520815078
3.1135772108634585
1.8117083267203447
0.11945684582018917
1.5353584250294015
5.705289921176371
5.157118791342143
0.09142237483008225
2.0694507848099826
8.183761575795842
2.7392952022521655
0.07367796294170223
1.4187669360864654
3.1892656358934524
1.7273956628538825
1.9762900971939774
0.7583750858421611
0.7393068481913376
0.7281791912393467
1.9697664955538392
1.2357287980669514
0.920704062462737
1.0362419237266154
1.504545739477323
1.5312635806129693
0.6170089279167502
1.9280646947370985
1.4395186183719
0.657809556635765
1.2803995337387506
1.4215251462656515
0.6606492896969675
1.2847400305957823
0.01175691505426767
1.411072291099729
0.46490667053643825
1.585636405314243
0.016552661856831928
1.569395143141127
0.4270320680807437
1.9017388079812734
0.020295942278060752
1.9326629197990384
0.5590155202951074
3.158696625744828
0.09107583993870016
1.251639322246226
0.48635225468855114
2.3055971562749322
0.08517452509701798
1.3108598788776802
0.761118406723833
2.3125182773921837
0.008481524318225717
2.011430182532755
0.32948292617139024
2.7249046333836278
0.7559931689726268
0.9638136359032418
1.1864490963756973
0.6243073889890944
1.1035290366980302
2.271854663458383
0.5170471516594931
0.6619508811772161
2.1298695824824057
0.9570790919255272
0.7982619420971575
2.3967874296930876
0.8471602242053627
0.7495467274841393
1.3870408151309699
0.4293132313905148
0.41279754435523597
1.2548161281081658
1.9503632432033942
0.793112178395966
0.9823021327572661
0.9909120707852069
1.745810755196634
1.109882044240973
0.9437804341125038
1.8144732224147064
2.317630615875223
1.177964846349239
1.2225749882505763
3.03935931515593
1.2596147968105265
0.9619014553860887
0.7722672432248237
1.4229723636503744
1.351897155125503
0.9494814863022338
1.041897326300494
2.9457093963855274
1.7554611224524839
1.1195501603723577
0.9490996428888854
2.311004195031496
0.7237081025040514
0.029551920036198095
0.195704249530219
0.4885869726923981
1.7313417358926497
0.08383809130976784
0.40008959503379227
0.6776083495575197
1.7163609959647277
0.03475889848787828
0.32610436062535947
1.9596346183295217
0.8448417562766665
0.2013376969234265
0.44287583112393814
1.590849194340608
2.332121895814793
0.07826476909033356
0.6402147944716312
0.766463034399494
1.9754311830971716
0.034015367860133594
0.3475302164998406
0.9996542862354857
0.8748490992896927
1.0963442754609616
2.2777999912081914
1.235410955336767
0.484190853736792
0.5463923237186681
0.8520735651128752
1.6488022829722775
0.34040962737015507
0.4680042559409682
0.6194269608140752
1.3525277267533493
0.23373741413168503
0.2729537414557267
0.6998842957752777
0.9503682855633205
0.8418219135488929
1.062296828449352
1.983652062069615
2.508768765712878
1.285410909562596
0.9754279870187309
1.1162641227791463
1.759400011387886
0.18009892447278464
0.5529969554393231
0.3088967621354874
0.16287240214815288
1.2033700814061659
0.34280051221479363
0.6843589421753089
0.5589322554641435
0.841360631610616
0.4825695347934701
0.5413663051976546
0.7460537653170823
2.7676437304331336
0.2618820746657349
1.3307497142148277
1.126201163744379
0.3925163075381718
0.6745306169536338
0.6492761523782536
0.9676854552776849
1.8809581877103452
0.14881204547555255
1.993457992340697
0.757242740679815
0.6438173862510503
0.33690688635907806
0.5453028834342597
1.0103931226497995
1.3530512134182824
0.7706637305941578
1.5224350080934945
2.2128419490771565
0.5195957485401235
0.24523326979118906
1.106594915364803
0.6621932711735744
1.4659386126702845
1.262491026334009
1.696917204766032
3.4052850828229895
1.240934721094382
1.0266069511977207
1.0620266276536228
1.8060312875971387
1.9829413833751584
0.7632406878740444
1.2045051657362917
2.4283631166517283
0.49700014855981844
0.6304770563776894
0.4157436128128774
0.5120845197883046
1.011425121928571
0.8182632093639883
0.9890612410386533
1.9576595703673685
0.7701845112419532
0.338197580344476
0.45354766067176927
0.8937690336271659
1.0180980045512316
0.8506349905280277
1.241152396000518
1.918337186735371
0.6059526903591936
0.6103036440504821
1.3352778782031534
2.0247482716435234
0.4796351253215415
0.443317148318063
1.0354076667802505
1.2412986816959946
3.0916637863229255
1.7538391114470773
1.2476667244329411
0.599957861743884
1.2136853089853064
0.7239615878542471
0.6603475316235707
0.5366541738437419
1.6429375966918347
0.954129140952935
0.7535135229126904
0.7075200408355463
1.7035552658961266
1.2984872706665227
1.2767977125893335
1.425977267755465
2.545848479260671
1.8951728181182599
1.7987723358014895
1.761618781693601
2.429489513254489
1.6638227767161147
1.5308580741457396
1.4961409493867706
1.4193053975627077
0.929631897112767
0.9563888524504129
1.7373642070974702
0.8047923759221666
0.9844988105773956
0.8866639483534593
3.096084483410623
0.7859856428080811
1.2538456515801806
0.9121353924974706
3.065484360910868
0.8121114888683322
0.9343926685638304
0.8686944936116885
3.145442898752835
4.0415607817991255
3.7833114504602072
3.833967783856342
6.538065081630329
0.8997755224158641
1.1152355463355248
1.2122724176996624
4.240318697781111
0.007448999735752179
0.6152621769056218
0.9492274542371892
0.6842757942837275
0.007626929370341585
1.5773645074574323
1.2697276839663174
1.907235236184748
0.0013218290146277548
1.6111035761162598
0.8159861461522981
2.1427464379003953
0.002023047240623925
1.733527797462876
0.7834481152301669
3.516849743957219
0.002769844217275172
1.1836207692435443
0.526602942933583
1.6721597503362104
0.0012198969877198881
2.2458545614299767
0.7164656919422834
5.052576188855803
5.052576188855803
