0.25641025641025644
0.09248554913294799
0.18815804407510692
0.1758164949475999
0.20736970576226038
0.2504012138651863
0.17966598499212247
0.23307898484705458
0.13625911859593653
0.2644608612382266
0.1545401847719289
0.25447559547069015
0.22395693094412697
0.3073716657171539
0.12751396859501732
0.2657927968501196
0.18768289749915967
0.2160019688747646
0.19771869849185256
0.20986275446210687
0.21156988107545477
0.1953871713351525
0.17026592461123768
0.21754401398541795
0.3016091954022988
0.24200066847756382
0.23880597014925373
0.28519756807083946
0.2821218935051951
0.16240768508759065
0.1538084233163845
0.34009978138452523
0.3496639045761606
0.34727922093550223
0.24992119106221897
1.0
0.3496639045761606
0.25989079848066077
0.17059630786511623
0.5165858179391499
0.24433082979242018
0.22797273834969986
0.14054592232704466
0.3547679187433717
0.27284503709269936
0.3850234051565344
0.23030501561790695
0.3921919330288568
0.15300160165380475
0.24933594343583
0.3069451138987834
0.18723614622761067
0.23374664499605274
0.2582635731240694
0.1969778782094856
0.24406923376933443
0.18128063159303884
0.27060714877545894
0.20882287311295128
0.3029560360694245
0.14523218743109245
0.29456295824710077
0.25704197059497336
0.22426360395873804
0.1687206885326059
0.27725248653001666
0.28414329235772867
0.11802143080411695
0.18690583849356024
0.391792786428906
0.26233574115642594
0.2513832271743049
0.1991012483893506
0.27505913700000234
0.28098966506561573
0.4226333451799165
0.254939252544677
0.39864179742330685
0.3290183147290226
0.4298992479623793
0.19481429353067398
0.34771805539280376
0.33731289409193915
0.9294117647058824
0.19388649286378326
0.2860909205695211
0.29971429773949837
0.4006281832288688
0.16993113427362805
0.31296909460761446
0.3022542494152568
0.5306459867162225
0.195967040829672
0.35052979168978066
0.3401714779401759
0.5306459867162225
0.28623769078048
0.272954092584186
0.23569435098570066
0.21860368158058993
0.2525125966637844
0.3083351093619879
0.2920251208870112
0.3335642592270434
0.26169116615513793
0.20959080662366275
0.33293648159407935
0.27685687458905567
0.23070887965432194
0.46148308276264904
0.24932514969343417
0.17146691378737777
0.227261336997406
0.3535929255093258
0.2372230127269145
0.3677324449482117
0.2502725986764239
0.1740421365226075
0.2334313280471093
0.33301588637722035
0.2085893720621509
0.367800055252486
0.217183136028852
0.17795461734141851
0.18909738717848787
0.3385005445424643
0.2275841544219835
0.44365322447239774
0.24681516496497677
0.21047867604410916
0.20977133624340888
0.4928616267212729
0.20253164556962022
0.09456262560576395
0.13959966416271533
0.04808384120880906
0.16200500808335108
0.14311884539024
0.13527222877474535
0.08846242635860661
0.18890958310372935
0.12795654153510405
0.12565093552308362
0.07247974168782505
0.18768289749915967
0.17188184299627784
0.1250895001602427
0.11165060989529804
0.17204301075268816
0.11397233678525263
0.103405795913999
0.064704070052088
0.12121212121212122
0.13084112149532712
0.12658227848101267
0.08064516129032259
0.17558327720545905
0.2905469176050106
0.218647275285477
0.14519056261343014
0.14885750840276699
0.1452915341338561
0.21721195068244475
0.21031610006837007
0.10182399840835145
0.21598976021879068
0.14985714886974918
0.3036896062214853
0.20904394397882078
0.10626185958254271
0.1729120948497106
0.14985714886974918
0.3036896062214853
0.20904394397882078
0.10626185958254271
0.1729120948497106
0.12335884701288931
0.37580742063429967
0.20079381523434373
0.09160305343511449
0.20460423441863723
0.13443333123195622
0.2981511939499688
0.2070143911246575
0.10506566604127582
0.17059630786511623
0.2349850911778097
0.19406411601413112
0.19573284259406518
0.19099008512029023
0.22081193288779888
0.3465705329324883
0.3111824717909111
0.2555238078187109
0.222843730014735
0.30749966094841785
0.2669895813840876
0.3566773703111689
0.19927027638823824
0.21114839096710747
0.2819872609688414
0.2669895813840876
0.3566773703111689
0.19927027638823824
0.21114839096710747
0.2819872609688414
0.2907883012375825
0.21216283756089788
0.18181044802536256
0.18488215681701595
0.16326151897921642
0.30740749682392154
0.1993120348847857
0.18527700150011575
0.19158932574470564
0.15274463007159905
0.17897967489699823
0.2080796560715251
0.17815185529970182
0.2782541720518401
0.15433009753865495
0.23831813121851245
0.20164767320384525
0.15350820470976484
0.3915168174360084
0.3382541147335128
0.09581160071227819
0.3855683375730734
0.1478107639620209
0.16639133913738682
0.22492963792999557
0.34318014553060283
0.09661225475722758
0.39426702262160207
0.1478107639620209
0.16639133913738682
0.22492963792999557
0.34318014553060283
0.09661225475722758
0.36035339232226293
0.14759063599082856
0.15336876775204372
0.215865303202868
0.3985624242073752
0.10862541745733637
0.3473961178344186
0.11717174892567772
0.1542323000149996
0.26537203445684754
0.47684389376744124
0.0962102620189867
0.3886043087350661
0.1755485893416928
0.24833702882483372
0.11285266457680253
0.17567687337277568
0.13876454830018767
0.18988110788465112
0.25486320221898034
0.3058616831035208
0.136477046292093
0.07868852459016396
0.130895806707585
0.21114839096710747
0.1948210436378816
0.08695652173913043
0.20128546365608116
0.17801353864186045
0.25486320221898034
0.2255059573128825
0.12808837149639302
0.17505854918928473
0.14597323071877522
0.21090505511676383
0.19880126379833765
0.14597323071877522
0.0827140549273021
0.1670400674778115
0.25156043933925276
0.21393794935625132
0.12690601729796477
0.12072857888752829
0.25263157894736843
0.13334732212530598
0.22206214435421692
0.12334210333515186
0.2346826845611065
0.19988068010243887
0.3115096876858956
0.15972481836125543
0.29534416838360306
0.1692673850243749
0.3240873804296521
0.4469974187501183
0.24674071059925035
0.1419464390497693
0.22974091960993615
0.1978089147675155
0.2509334059404337
0.38450343860876646
0.24998656650768936
0.1716684579884157
0.25727950112885656
0.18946953282268564
0.2887102979682662
0.5174779676045661
0.19512195121951223
0.13598125863093816
0.22782302105360103
0.19289252381801963
0.2375621764942294
0.2484923601692723
0.20253164556962022
0.1475763336240495
0.2496442465842779
0.15966673939464918
0.2589869458404253
0.2783291461282156
0.14009226854274254
0.21654249417900667
0.24088915224511795
0.24861787999218835
0.1277213352685051
0.1749281157233491
0.19226052914548064
0.3596448433843599
0.12941176470588237
0.19194739928580964
0.19617533630002662
0.314614631406252
0.15512544844126844
0.19458522821530166
0.18607188550345874
0.36901518954514423
0.14875712455374532
0.1660377358490566
0.16179775280898878
0.35415945174330743
0.16326530612244897
0.1759127017405537
0.1935479880460084
0.2940054069046326
0.20104882338596017
0.21604025352008097
0.2561788798571452
0.1979381443298969
0.2400393208464915
0.21754401398541795
0.4716484546797469
0.263636113995455
0.10934079621597007
0.14926714901082308
0.1781850012408401
0.14759063599082856
0.1983403440923151
0.20402234975202768
0.4873795980650475
0.2695738292947875
0.06680694573738817
0.09120184477753232
0.2953590102244225
0.0813054743867788
0.13688323226829335
0.10511417720257962
0.4467073772088188
0.1471964928114342
0.19812860594289736
0.18176178286229838
0.3344947735191638
0.22763719701518237
0.22205785399005554
0.32035330626646985
0.33121019108280253
0.25535906929149366
0.250317314907906
0.3874199626584705
0.3541566409497563
0.28920081167264416
0.2697711184324533
0.41156406324691736
0.2846975088967972
0.2910546630295201
0.22130147361225805
0.32661173471612
0.33326070653445095
0.26128938777289606
0.2686002951627736
0.3330872641563943
0.2787456445993031
0.26990483906126234
0.18181818181818182
0.09208633093525181
0.17862838915470494
0.11822660098522167
0.12903225806451613
0.16079875583674735
0.05152979066022545
0.34810811049955714
0.20508423437160586
0.17123004117324184
0.10683950376056231
0.3839659869278768
0.22580747659237208
0.23568374084929533
0.08931419457735247
0.5202737176006357
0.21328192825173045
0.07868262365202783
0.11805253312166794
0.14248228110029712
0.23070887965432194
0.24025263002240613
0.08974358974358974
0.5793734407801441
0.2534170214515608
0.2323142900148792
0.24623202927375937
0.2638898502259659
0.4063919107392897
0.15209125475285173
0.20513313951558262
0.4707127612356917
0.28644577506688984
0.14007782101167315
0.22884829967854065
0.32982474959445324
0.42719900183580345
0.15473887814313347
0.2087041226019274
0.4519039845847176
0.2763832771137204
0.13610586011342155
0.2223592174570319
0.2652569055915734
0.3023247038621585
0.1392649903288201
0.24131414175847854
0.3276210207552921
0.3512384594487344
0.2348008385744235
0.2458100558659218
0.3072733777794958
0.430203030621316
0.26065087270740755
0.4782292171613545
0.48469780448611605
0.4398938057521053
0.3268732843984104
0.5686095310758887
0.4526258489320382
0.30812572101151947
0.26994135425544225
0.3536241491972898
0.3563700024816802
0.4190935564647469
0.2929335455046988
0.49038213395473157
0.3961813876967618
0.3454334279031507
0.298713996267139
0.39376527036685033
0.4182436204182491
0.23948076780595529
0.22870210473936425
0.18585143201190332
0.2574732211478241
0.16964600569646007
0.3155356412567844
0.26103803748415744
0.18497752245698842
0.30370921359602093
0.21688593187642385
0.24819175578220046
0.157074968049102
0.12422360248447206
0.27387600265889134
0.3259692921411133
0.2529342038615534
0.22892643470393614
0.13664596273291926
0.2667633869230894
0.2845040252370357
0.2634488285196801
0.15634664516788513
0.12364760432766615
0.33936480261358304
0.3030423764851667
0.27791689426753485
0.1593012274387743
0.1476558583113624
0.3574818115779985
0.28654719277413054
0.25406744252756214
0.21563342318059298
0.16326530612244897
0.24578594848564111
0.30102327932950196
0.213903743315508
0.20165559900040597
0.2171945701357466
0.34689087988078804
0.2704713353572772
0.2433976698905864
0.22886036068692686
0.38373794450436044
0.3990973677471127
0.46491463400420985
0.27584304901668905
0.5025994085208382
0.3493961484461392
0.39335641668410987
0.2726879977377882
0.38247480780539495
0.33532402993672983
0.3443905452927667
0.2833831779191954
0.1722889681360336
0.22625141862426207
0.25295312923950763
0.22731748185083522
0.24655969340702727
0.3009949503929944
0.280362232019281
0.23749516175727678
0.2363726162584704
0.314307711506047
0.3452241175570572
0.4408426888859789
0.24262586007483206
0.2958470164783435
0.3178872437455535
0.3962986114815198
0.26251461281570954
0.3776866008982722
0.2985045194114117
0.2528635137917432
0.24468288859149706
0.3433405578208804
0.29258557889719383
0.3167965319655202
0.1558450485535292
0.16242542298333043
0.14481033444618974
0.2784268711424727
0.11546391752577322
0.21074224879921183
0.2079722703639515
0.19152854511970532
0.15013404825737264
0.2587709671773583
0.29120180682366514
0.18358833985199702
0.2280695136189816
0.301167187408724
0.26458148351932526
0.29722333791599603
0.2047523044917487
0.19652694666061396
0.3614567401248418
0.20602093568965718
0.22561519091829396
0.1230490721488638
0.35403614053443755
0.3504372256521881
0.09775967413441955
0.2545599960208786
0.18358833985199702
0.2475440395048233
0.31715049457106825
0.1690950324386471
0.20037795665959177
0.17341899728922355
0.16449380706616687
0.2553202996146411
0.24704253628256043
0.14032125748456015
0.19635589567381745
0.2824667943574186
0.17726424341522978
0.39908752633730943
0.15120478510059224
0.24999932841220004
0.13983147997152504
0.18781868281843406
0.21455713965152207
0.100350956840057
0.3570950422964294
0.17240145860404346
0.12786654178007265
0.3517967935786325
0.14609514648125604
0.2642263181754274
0.27961359441441436
0.1749420044185237
0.37218539194954137
0.10017889087656529
0.24160527785600922
0.18055555555555555
0.1272727272727273
0.22913586456576973
0.2694423762828322
0.1829152217462212
0.39241892991857985
0.14124897098762076
0.28230982089079265
0.2693795570693831
0.36529240167756
0.18400184682590176
0.36667432804014694
0.0929691029595034
0.2920782646760716
0.27711206445005404
0.8600000000000001
0.2314355960310698
0.3177949633445449
0.1444183454500196
0.18607617644138622
0.4817649960520998
0.2321759113417467
0.2538881940949526
0.4581915942552156
0.14025417162908888
0.3290237665326105
0.2462420368162241
0.4256884382502508
0.17565393695100262
0.30920842217760774
0.12234285967704724
0.27791689426753485
0.36250702394517315
0.34392215665607434
0.18510145945633544
0.36967985531916453
0.08979603077607305
0.293950561244508
0.278974901127452
0.30141173703872226
0.16494845360824745
0.18669532965831306
0.2932456438314517
0.2793105117843502
0.3282147370950948
0.18102191783843793
0.20212779270163017
0.36023903072520735
0.4219753640408997
0.3282147370950948
0.18102191783843793
0.20212779270163017
0.36023903072520735
0.4219753640408997
0.4951054260548363
0.23933344234939066
0.2777600714642579
0.3218135341145185
0.3112278394565241
0.31716166590921796
0.16194331983805668
0.2223436119446117
0.342723483262206
0.318446441348217
0.4411532450586056
0.30111912370182836
0.2581029318244461
0.32901831472902265
0.2169595625840139
0.1992136793900646
0.1886037920110686
0.18181818181818182
0.17862838915470494
0.17391304347826086
0.21940928270042193
0.23645320197044334
0.2583292082054855
0.4144845735906111
0.2297344634685211
0.2239687898739694
0.19908114731762275
0.1123244929797192
0.16226570259781756
0.24340382831151303
0.4787868556509195
0.3682715633750823
0.1827327763322801
0.2257132263029704
0.15644703152316647
0.1333332540848149
0.3024180571857256
0.22455314727445438
0.5414219168851018
0.4144845735906111
0.2297344634685211
0.2239687898739694
0.19908114731762275
0.1123244929797192
0.16226570259781756
0.24340382831151303
0.4787868556509195
0.4144845735906111
0.2297344634685211
0.2239687898739694
0.19908114731762275
0.1123244929797192
0.16226570259781756
0.24340382831151303
0.4787868556509195
0.30774520248079107
0.19944168921203467
0.25191657508254633
0.17931935532229695
0.1463137099188309
0.22638528904330033
0.15753888019026416
0.47082323461266357
0.3171831235517197
0.2702198293831277
0.38484347884659886
0.2668884460823152
0.2332374876311322
0.2198796856928165
0.44774020926301583
0.24719588028791917
0.08020050125313283
0.12483619847412152
0.26358188763595436
0.5005392409316007
0.3019344036486799
0.13681972172719806
0.39376527036685033
0.24474839632467246
0.3019344036486799
0.13681972172719806
0.39376527036685033
0.24474839632467246
0.33632983283411205
0.1627000221768779
0.39854710420612166
0.29095915339857326
0.20973486061547575
0.34792473015480935
0.2590710630235352
0.3454863091658951
0.17365787481246667
0.25584627399990806
0.2858146684869539
0.2834240894479209
0.3572466706954649
0.31265364447057914
0.267889354695104
0.2716689661260351
0.24552673022046775
0.30674957885399545
0.2755834353606592
0.2399133766707026
0.2479642182551144
0.24537849389865501
0.27694145611932686
0.21686505634863576
0.2728098496739148
0.30087474275374476
0.2507524315837018
0.30961858505129475
0.25377402557170387
0.25333245324910425
0.28208665107190667
0.2807168719816594
0.3529343210831095
0.2879674068144192
0.15711947626841244
0.1554331601824027
0.21022559727594597
0.2415829029388009
0.2506221389395755
0.19390182511285453
0.26627974853277503
0.43780674970986067
0.2830219830841682
0.2505502224709198
0.26479215217225677
0.3525167147165688
0.27347434752954997
0.2724687693688214
0.28429343817905495
0.3848937193666996
0.2761746770418093
0.263107747465567
0.2827483651454732
0.3677946859684508
0.25187734163877207
0.21219336598518282
0.2939305038800399
0.4598636356077838
0.26057249629195117
0.27546388089873963
0.21994928823401882
0.1860153537531429
0.18766710204469916
0.3139608208214068
0.26943568925695044
0.23454208649772038
0.21178571302567475
0.3569496539113154
0.16576447239738903
0.23391905598532517
0.27293855601651695
0.2719254823215636
0.3730062467854758
0.4596071984233326
0.212965322512853
0.3056142468523923
0.24439308801680734
0.1985198097962601
0.1759127017405537
0.36144586448632193
0.21508577652037175
0.2654250906951003
0.2579090121052985
0.2154268812156809
0.24833702882483372
0.3200627949490117
0.28437073548604463
0.35962688291142886
0.2723084685613783
0.5174540534653375
0.312982634721545
0.3615621031807514
0.2623032678816666
1.0
0.312982634721545
0.3615621031807514
0.2623032678816666
1.0
0.312982634721545
0.3615621031807514
0.2623032678816666
1.0
0.2585273435046836
0.3100662718390535
0.26051076263418366
0.47900797895802394
0.21103117505995206
0.2579090121052985
0.24917504157583614
0.2118269011185479
0.2571138147401228
0.23085503834200846
0.2055311693163791
0.25419228134225746
0.23613250585466486
0.2386731217501517
0.20431019207291548
0.23290899015748923
0.23140243326611054
0.23085503834200846
0.2055311693163791
0.22877305320803176
0.2283450652072043
0.2740951306389551
0.1886379669414226
0.22578961651970791
0.28647108394754933
0.228033999176933
0.20310363582051635
0.2409255505972708
0.2400435113540311
0.3020728026391171
0.1736918615174923
0.2836877861456731
0.25641444478246456
0.29254409922898406
0.24664717271695533
0.33493858882160343
0.272954092584186
0.30291782015862945
0.17027714336517963
0.30739505354871904
0.3196903471900468
0.27498600890615266
0.16880075194871855
0.34377952361043673
0.2727724384108425
0.30918970113061467
0.17602155861683277
0.44547135355171136
0.30623612411784773
0.31274535416295485
0.17982857864369903
0.47601613793559744
0.28514607040694445
0.3426238490596839
0.2611731886885897
0.294969834459909
0.38820823726936443
0.27610239724707214
0.4463688028705367
0.4283879966093009
0.3234099229251794
0.28447902082095705
0.37977641746589963
0.36861967487253416
0.36421727642167717
0.3391905611382984
0.4734399826646033
0.4144003173417446
0.36421727642167717
0.3391905611382984
0.4734399826646033
0.4144003173417446
0.43867402864846494
0.33229842523386577
0.5616089450722821
0.37258822028988897
0.3143532994285741
0.3540710276700952
0.19926538924852552
0.34665565348634686
0.2820156983391622
0.4066532427468261
0.2238806344204922
0.8377153218495014
0.3132903602968031
0.26044852785476424
0.1662558264795015
0.22449061137763562
0.29075544644837203
0.4190935564647469
0.22984662237363457
0.8133333333333331
0.29075544644837203
0.4190935564647469
0.22984662237363457
0.8133333333333331
0.3009584863063332
0.4133191116773289
0.2494227397498389
0.4168158740926558
0.21124125658418033
0.23848834883376036
0.19422927696393036
0.06723795829053261
0.26442427719093015
0.2267239080966564
0.28784009433055374
0.10713721665708993
0.23479989717301347
0.19319888292168141
0.2902387617833083
0.14799818201222098
0.2850378173172454
0.22494800281130398
0.311766997889136
0.28103587749968395
0.19751594224285138
0.29151517001359384
0.30551448608769294
0.30653669627981167
0.19625304117706022
0.2884043242398946
0.26408879305885324
0.11015045087557059
0.1256544502617801
0.13961605584642234
0.06818181818181818
0.13358070500927643
0.1653248548088208
0.19334601664082432
0.14893617021276595
0.18472468916518653
0.1996231429683798
0.16620512805899082
0.1329639889196676
0.18459175077303228
0.1808295733636591
0.2179086876932652
0.15909090909090906
0.17810760667903525
0.19921902150233622
0.16743056276118948
0.06818181818181818
0.14232640078418554
0.13888888888888887
0.15893044103504114
0.13521126760563382
0.1771217712177122
0.16536414466969154
0.1773251645558517
0.11108596791216871
0.09976727424422335
0.26632366705453486
0.3003700451228636
0.1675392670157068
0.1928990835690726
0.16485329993283507
0.140287264019859
0.2666335799499003
0.20371248560675953
0.19016058138679232
0.2116511738774608
0.20462362905502912
0.17660381306043207
0.22913586456576973
0.20574617247461
0.16174183514774496
0.24742268041237114
0.23277250360465213
0.17602835382089704
0.3423948536386363
0.26131265701154843
0.12100840336134455
0.3293079223408062
0.2364678828827626
0.17602835382089704
0.3423948536386363
0.26131265701154843
0.16462156735010894
0.33036614310078594
0.2218339461044335
0.1081081081081081
0.33223944687203
0.2090951768066814
0.16022462457771924
0.17773442669813047
0.12660513246059696
0.23357929683243303
0.4191512740282741
0.16498790621690787
0.31131220335467247
0.2309395813490521
0.1740272389107112
0.2846838069744893
0.28796378810307205
0.33550143423107237
0.24339855389672638
0.24714836826275832
0.28495833418353156
0.402480953762646
0.20814049264119688
0.2694827943025095
0.3310979481409393
0.3542063196843545
0.3702325925921176
0.165009185198446
0.26990660305999054
0.2732083787170044
0.10447761194029853
0.14678899082568805
0.2533096692542635
0.23182402383862372
0.08084321267640132
0.1514452916102046
0.2047886867750067
0.26759740791092446
0.07998954180049937
0.1483184602053204
0.28579867563302236
0.36610116033100676
0.1068050273424199
0.19974947268374385
0.2752628524681024
0.43787659372351295
0.11405128045546832
0.11289338526269832
0.290418400710534
0.42602273673655006
0.09326529177515143
0.18198516319303013
0.277528742180569
0.4062137102804963
0.1236707701258418
0.28623769078048
0.42623533391724533
0.41155179316834145
0.0974264029714739
0.2509330117750425
0.3806775210788306
0.30746589490462517
0.12937129501855954
0.28772572582991846
0.470274419178792
0.38515546472608914
0.12234403628398564
0.28772572582991846
0.5686095310758887
0.4997039284640144
0.07937437299010285
0.16555512867706304
0.407825096700046
0.5616089450722821
0.12276064480708665
0.28977116937847236
0.5736713369905109
0.46885886730896986
0.1990146025759842
0.19780900849728933
0.17445482866043616
0.28908613115299137
0.13149206203160105
0.15014631799932773
0.22449061137763562
0.2007029470649078
0.13796935705791363
0.171656711066272
0.250377574171319
0.2801323908747337
0.13796935705791363
0.171656711066272
0.250377574171319
0.3579510054811529
0.16085652100281925
0.1901136026755615
0.2556160460476617
0.2844536819479187
0.1766723407479834
0.193729577635694
0.22233204780669683
0.22647698074327327
0.3362269496511642
0.2807229641548358
0.2547866033361824
0.3815506506941608
0.470274419178792
0.4275221992534473
0.24703560867410762
0.3238087666917465
0.2938916523778351
0.45211307813410834
0.5686095310758887
0.4275221992534473
0.33139141863879495
0.41232789097807165
0.3760088539489151
0.28480163957327315
0.3628588530496004
0.32960494198845103
0.2375770716171728
0.29999392342596126
0.2640799525779094
0.22132202490272793
0.270834586140467
0.2778673921526199
0.3442560740232725
0.5031990759074064
0.2007722007722008
0.28888653731943514
0.2513089005235602
0.25920224685907867
0.23718497381542641
0.1944954128440367
0.2798476774622964
0.26446064446958056
0.21911607447610087
0.20183486238532114
0.3724832058991006
0.3816069272572536
0.2785874845986865
0.23166283950106797
0.3394701605496788
0.3662946096701265
0.17678877170933047
0.2228501589305417
0.19443305225174895
0.28290699093275806
0.2839343086625506
0.26354188249507615
0.33902651296781805
0.4843990301086137
0.1580777298778919
0.14189516318527523
0.22396408427657732
0.33664338085382944
0.21855919049604294
0.23798206116129622
0.28906899392022123
0.4196207652402689
0.3254212698320724
0.2241139452307042
0.3151174413719721
0.409082437658343
0.21998167861620208
0.2036326531444859
0.2665634563789556
0.3597957734745093
0.24396432821326908
0.3020256813698789
0.1797640780233905
0.30679830627107507
0.22804793888598632
0.394776492341633
0.13710544852510387
0.36288784712759853
0.20160759814558207
0.3256906061818472
0.11882472205509
0.2951487823304467
0.22033051077065827
0.30435526631566184
0.12082663663365353
0.33009675650156367
0.21914593813210634
0.3350839141665743
0.12036132224353677
0.33632983283411205
0.2292740030735454
0.36422164583323297
0.13763345410350603
0.35836893240563267
0.37694325380911475
0.34401286299927397
0.22594143396428762
0.2744952797167846
0.453878868940756
0.3808749974973171
0.2509929778465014
0.26116946500555
0.5736713369905109
0.2823475108393371
0.2643982285971421
0.13486673920396858
0.5043098543786179
0.4204464258087266
0.2946439305154581
0.2331289701622207
0.2888818922892226
0.43718906065592156
0.31927789419769015
0.1670703249414485
0.4365039712733713
0.28977116937847236
0.27810416980275554
0.07889546351084813
0.21214124698799544
0.3428807809356283
0.29620654299722443
0.31969519974095967
0.23964444060781076
0.2123098232606559
0.44317970453542815
0.4005071188433663
0.22553839433780035
0.22974091960993615
0.27690994899844956
0.2539541068235232
0.25690896838847666
0.29670990306224493
0.33663984274611736
0.3705335977811742
0.19172036574635976
0.24930904830967293
0.3852535590985188
0.24708247559078025
0.24086919924805514
0.262379327277441
0.2983338491763232
0.4035109222346916
0.22463600685132581
0.2540961247363554
0.2260836385585414
0.28098966506561573
0.4768747619041084
0.5407785421952535
0.3263971808563916
0.30902148240347416
0.32696105207945275
0.41204996728046545
0.2622500105220611
0.3135659159682312
0.35761365071190143
0.44788039921789713
0.23977143819159874
0.3135659159682312
0.29151517001359384
0.37485563873906375
0.2638017857322508
0.3019344036486799
0.3605054052998683
0.409998354870851
0.24119020409805786
0.28238080196643617
0.18695528245723542
0.3483723332424945
0.0461361014994233
0.16414812076855445
0.21206063525748495
0.4114959033672418
0.0777885458489086
0.30217517342268113
0.21137782073294145
0.32134140899683716
0.06764896827396474
0.19912653429846786
0.18171508831037306
0.2887920851355267
0.07620058713643817
0.24867437758475394
0.22276473739162006
0.355314967223992
0.088411788253746
0.26335464207181086
0.21539132365825045
0.3303509812117018
0.06858205749153666
0.14516129032258066
0.1622464898595944
0.258834324312274
0.3229014893609763
0.3650251745603443
0.12841091492776888
0.3607704252252575
0.3258240022689648
0.4670606991421457
0.11188322405756357
0.38298845414960475
0.3386201055884442
0.34283290960827106
0.15049995189039347
0.4296958432107741
0.3880728840393601
0.39459265259012544
0.15049995189039347
0.4296958432107741
0.3880728840393601
0.39459265259012544
0.16159150067671194
0.4626820050876881
0.38478413078478924
0.35738820248877073
0.15065913370998119
0.1126760563380282
0.21537518794050212
0.16666666666666669
0.20522958259079704
0.23056449473441037
0.14201183431952663
0.24300221498411018
0.2438321069611496
0.23933344234939066
0.19652978637220014
0.271568727495229
0.23962810511699184
0.23491950591261912
0.19314134177957598
0.266379516141817
0.2438321069611496
0.23933344234939066
0.19652978637220014
0.271568727495229
0.20335769945055848
0.17970878704828122
0.26291430649414343
0.13852813852813853
0.0751360725001724
0.091916965728389
0.13711454124900715
0.12987457910610434
0.05484818805093046
0.14609898165207236
0.23930221815599872
0.27286631059333344
0.10681347592248494
0.214435877051749
0.2287021047393643
0.28255641106187135
0.09347614410905551
0.14019735556941193
0.20041652908583493
0.2501717417421396
0.09604889893302772
0.23981341325347097
0.3250682009981799
0.2145337957766785
0.09735926797268689
0.17868001915508144
0.24184289927228414
0.2716009122686785
0.23208063888624458
0.2885687979275105
0.27822394666977784
0.21541247869339636
0.26501900531474326
0.43848766653861393
0.21541247869339636
0.26501900531474326
0.43848766653861393
0.2140711536277149
0.2628532586046443
0.4163463086274353
0.20070690361829696
0.36415832301254947
0.35673847177904267
0.19490612605707452
0.2882715504348742
0.3774052214707031
0.1429552809955083
0.13624058610584538
0.21993423287358874
0.12435233160621761
0.16830634309474932
0.2521307906757017
0.2405993536506614
0.36223289251012747
0.15941626507717852
0.06597938144329897
0.18101801255495353
0.2705361502281375
0.16830634309474932
0.2521307906757017
0.2405993536506614
0.36223289251012747
0.18958308414150987
0.19158543517488233
0.19324456071005328
0.23414634146341462
0.19773424383780608
0.20100766969167977
0.2014388489208633
0.227979274611399
0.24413076856530547
0.3832306744018657
0.3622240198884816
0.22639555781882967
0.30568784717815134
0.36994920975398304
0.5386827136508421
0.4548901854936544
0.32434037709320385
0.24718492391154168
0.35081742676771505
0.3157772411866249
0.4247107272477335
0.4196946003859372
0.49595432529780764
0.39797039134978884
0.32826884248590416
0.37324252616128845
0.8999999999999999
0.38500813185598853
0.30762035655686376
0.37324252616128845
0.4970005160162583
0.4585685427887513
0.16386336935703702
0.22084313188346125
0.21181262729124237
0.1267279346409736
0.180051926897201
0.2888457050024404
0.21497743175639691
0.2760004739902571
0.1560611329606064
0.36841774774375413
0.19399587258777057
0.22639555781882967
0.1076470489424008
0.30356576651886114
0.16015434242729853
0.30335338142282925
0.1861482410930178
0.30356576651886114
0.1957441963000316
0.20239882972747578
0.28545922935914925
0.49911673230835746
0.3033980361230742
0.11573452153133766
0.15606471724400467
0.10480349344978167
0.07860374447171928
0.15094339622641512
0.11466955160340211
0.08370702541106129
0.03654822335025381
0.12413257285222655
0.10276681320842877
0.08296296296296297
0.03627204030226701
0.2010653078570445
0.11780203658888605
0.08259587020648969
0.04215809284818067
0.20010327289122132
0.10097175970260468
0.09315866084425037
0.0456575682382134
0.17096873976271962
0.08333333333333334
0.08333333333333334
0.036409608091024025
0.15746280747638372
0.2242933024914006
0.26544152975683044
0.28623648830920884
0.22922636103151867
0.3060979377478997
0.33453535793281025
0.3609656115096397
0.2785245842695776
0.3596448433843599
0.344881130115121
0.37189946749741165
0.3832306744018657
0.3596448433843599
0.344881130115121
0.37189946749741165
0.3832306744018657
0.4030112803192146
0.38747020788504666
0.4174110875852548
0.31213805643029363
0.43366599107508746
0.4192611887941389
0.4516586442918677
0.35235456583399927
0.21670428893905191
0.293398533007335
0.1925214670922653
0.215158924205379
0.1811944433664106
0.2882162923296538
0.23440367506928783
0.13245033112582782
0.25999999999999995
0.2627644097304438
0.22913586456576973
0.24915339759512725
0.13114754098360656
0.19704433497536944
0.225148867596594
0.23230364149525043
0.23440367506928783
0.13245033112582782
0.2
0.22340611567049734
0.2510971475054439
0.1834862385321101
0.15500000000000003
0.23853211009174313
0.2790086630937836
0.23070887965432194
0.2510081375275972
0.13179571663920925
0.19851116625310172
0.2152786839283399
0.305800552901898
0.17279013078705507
0.09881713554117927
0.13537431912453438
0.1663082887977361
0.13866452951614092
0.2124050629231653
0.2546858959206191
0.26868731067361645
0.17982857864369903
0.1487683477391703
0.23358706045017696
0.20304860231823385
0.1482643829543216
0.1487683477391703
0.22038405103185552
0.21487273101828963
0.12751396859501735
0.13332117870505814
0.20427335518020726
0.23483413715894585
0.1814294265248002
0.15049441101609481
0.22256022165328626
0.15823681626883532
0.266379516141817
0.26206290006119604
0.2343529196647677
0.13485302752499165
0.24754161211343426
0.37504037124299305
0.2604580611464163
0.13765094414006737
0.25623795607354893
0.402248136439853
0.26526255194562937
0.19701657435283418
0.26557509739080626
0.5085559865722201
0.44695494266137753
0.1816513362006023
0.29138890058006783
0.5394849563270103
0.35251962292395284
0.13816584792113995
0.2579018389051954
0.4054490499924248
0.2669239040454976
0.2665100943360041
0.25584969056256396
0.2838569052099452
0.31145246800443444
0.4482361771117219
0.44708891140094426
0.3921150777865208
0.5271506590652508
0.4689879140920653
0.3711666461472456
0.2740202975914687
0.5059278758912188
0.43196255245321796
0.301922688810162
0.34542943079892885
0.3145028008439187
0.4892575450389133
0.4109897603741976
0.3219631706842712
0.5408704238084917
0.4137106136171665
0.36975214422180647
0.35087906281277537
0.4123365262743461
0.30406498915829755
0.22244078993077016
0.17348941868386927
0.272954092584186
0.20249964242392893
0.21656833397948397
0.19200531269284368
0.2125436446519121
0.187801747461769
0.2048562674240077
0.16289255945832798
0.19916021931215463
0.20249964242392893
0.21656833397948397
0.19200531269284368
0.2125436446519121
0.30402958196479307
0.23348415251600432
0.19502939948598938
0.13685543858979185
0.20379771705485156
0.28364713951016446
0.16289255945832798
0.1538084233163845
0.29841401879052004
0.29841401879052004
0.3398604102892035
0.17028155034614306
0.37189946749741165
0.3737323142081713
0.37741981541534625
0.20382573545192464
0.4019573459791109
0.40329684531101356
0.40627409140439563
0.21518137846182533
0.4019573459791109
0.40329684531101356
0.40627409140439563
0.21518137846182533
0.30873262024276155
0.27642417744705267
0.34868296470967003
0.30837339134676345
0.33736527219527446
0.21861311763035493
0.37482883270082445
0.2334162397316774
0.35738820248877073
0.16547614245154918
0.16437819648267632
0.1293800539083558
0.46024815652224593
0.20522225441184688
0.31223269673794957
0.2758733876920383
0.41468405035508926
0.2063971909829071
0.28977116937847236
0.3183570507598242
0.41468405035508926
0.2063971909829071
0.28977116937847236
0.3183570507598242
0.42029096662607474
0.20643361876607697
0.30135748295976855
0.2572983715631479
0.330804064445312
0.1160351306781723
0.20554063823748683
0.2177975661034438
0.14724796542587174
0.2212346278566053
0.05442459936377219
0.2805237819380704
0.4207674349568755
0.35517089233210564
0.2767222557027434
0.3142720366585906
0.17892436228253225
0.32611742370640295
0.8800000000000001
0.2737761585780776
0.3021252604100165
0.34010734545549487
0.12605904988647393
0.28329666940368564
0.3924189299185799
0.2781920523725334
0.24565486202110628
0.29790560174147873
0.45814699862690333
0.29623360527769615
0.3211025993010089
0.5306459867162225
0.3256906061818472
0.3704714564019307
1.0
0.29623360527769615
0.33896420561613166
0.5736713369905109
0.33738953742918837
0.384548231915016
0.47616815905749293
0.32791628230609676
0.3733250543581411
0.5736713369905109
0.2725060827250608
0.2819432631523501
0.19557970301690125
0.25899661178580513
0.3733250543581411
0.27312419164970353
0.24084828434195638
0.4307260108125545
0.32665127649356207
0.23773051163332862
0.11155378486055777
0.39536207189296924
0.34095449269793227
0.28169198635002585
0.21146421587000871
0.4855253854625966
0.3231929122777323
0.23773051163332862
0.20717131474103587
0.35800221733282894
0.3460800221841524
0.2393224570237304
0.20841683366733466
0.48032358137425907
0.1235816697393933
0.11956883856767558
0.10129874935372421
0.13410121192551858
0.17156316144906483
0.09874391304724471
0.14352515666398513
0.2990627449183256
0.221981807707566
0.07312614259597806
0.2386660408991234
0.2318576337007243
0.29079649786795164
0.182060767282244
0.372917311470404
0.2796115094764833
0.30568350811446426
0.1844250056935139
0.31121202847630913
0.3177843905346032
0.2897421558279064
0.16029226619323436
0.34984256936846375
0.2920302147201828
0.2893185640541886
0.20105388846055786
0.19992538469495966
0.20239882972747578
0.34981736027210597
0.31914249836014813
0.16722710009501301
0.23101604278074866
0.25069911772116343
0.3043317167911831
0.24214011101102015
0.29588964487066977
0.22999867014485884
0.1273209549071618
0.21069993264655087
0.22999867014485884
0.20239882972747578
0.2723084685613783
0.22639555781882967
0.19097079522300725
0.24333125634548172
0.22639555781882967
0.536758353092013
0.1941257832743099
0.28796378810307205
0.3777610794984707
0.44810040865528433
0.22354785931626914
0.30004412105221734
0.48795857541062226
0.45155619586856416
0.1941257832743099
0.33360529509217973
0.3777610794984707
0.431562483673467
0.2152626425411198
0.3110467261093701
0.4082347818532795
0.46592933738162196
0.19771516601589958
0.29517791223091516
0.44233797852685625
0.1236707701258418
0.28623769078048
0.42623533391724533
0.41155179316834145
0.0974264029714739
0.2509330117750425
0.3806775210788306
0.30746589490462517
0.12937129501855954
0.28772572582991846
0.470274419178792
0.38515546472608914
0.12234403628398564
0.28772572582991846
0.5686095310758887
0.4997039284640144
0.12276064480708665
0.28977116937847236
0.5736713369905109
0.46885886730896986
0.2375770716171728
0.29999392342596126
0.2640799525779094
0.22132202490272793
0.270834586140467
0.2778673921526199
0.3442560740232725
0.5031990759074064
0.2007722007722008
0.28888653731943514
0.2513089005235602
0.25920224685907867
0.21911607447610087
0.20183486238532114
0.3724832058991006
0.3816069272572536
0.2785874845986865
0.23166283950106797
0.3394701605496788
0.3662946096701265
0.24396432821326908
0.3020256813698789
0.1797640780233905
0.30679830627107507
0.22804793888598632
0.394776492341633
0.13710544852510387
0.36288784712759853
0.20160759814558207
0.3256906061818472
0.11882472205509
0.2951487823304467
0.22033051077065827
0.30435526631566184
0.12082663663365353
0.33009675650156367
0.21914593813210634
0.3350839141665743
0.12036132224353677
0.33632983283411205
0.2292740030735454
0.36422164583323297
0.13763345410350603
0.35836893240563267
0.15065913370998119
0.1126760563380282
0.21537518794050212
0.16666666666666669
0.20522958259079704
0.23056449473441037
0.14201183431952663
0.24300221498411018
0.2438321069611496
0.23933344234939066
0.19652978637220014
0.271568727495229
0.23962810511699184
0.23491950591261912
0.19314134177957598
0.266379516141817
0.20335769945055848
0.17970878704828122
0.26291430649414343
0.13852813852813853
0.23208063888624458
0.2885687979275105
0.27822394666977784
0.2140711536277149
0.2628532586046443
0.4163463086274353
0.20070690361829696
0.36415832301254947
0.35673847177904267
0.19490612605707452
0.2882715504348742
0.3774052214707031
0.15823681626883532
0.266379516141817
0.26206290006119604
0.2343529196647677
0.13485302752499165
0.24754161211343426
0.37504037124299305
0.2604580611464163
0.13765094414006737
0.25623795607354893
0.402248136439853
0.26526255194562937
0.19701657435283418
0.26557509739080626
0.5085559865722201
0.44695494266137753
0.1816513362006023
0.29138890058006783
0.5394849563270103
0.35251962292395284
0.13816584792113995
0.2579018389051954
0.4054490499924248
0.2669239040454976
0.2893185640541886
0.20105388846055786
0.19992538469495966
0.20239882972747578
0.34981736027210597
0.31914249836014813
0.16722710009501301
0.23101604278074866
0.25069911772116343
0.3043317167911831
0.24214011101102015
0.29588964487066977
0.22999867014485884
0.1273209549071618
0.21069993264655087
0.22999867014485884
0.20239882972747578
0.2723084685613783
0.16279635137887724
0.2298067102512906
0.19850577827887247
0.30780619145235727
0.13992428697234963
0.23261651038904801
0.18260768853801737
0.29288865209447207
0.1331949037372424
0.2375973448401205
0.19163209846863213
0.3698756402150829
0.14791730732069852
0.28918665192518644
0.16942387403461695
0.34854834376421756
0.12259842905929125
0.275727084325502
0.17989607643151798
0.36927886848574754
0.14201050548704675
0.2583913466458293
0.17727378505151464
0.357353331069955
0.1971830985915493
0.28640967005146756
0.2683543355556095
0.17745974955277283
0.26342342160324156
0.31225538312801426
0.17745974955277283
0.26559678584302276
0.3608438812059366
0.21317904782067953
0.2291208172385526
0.3209685262399887
0.20389380530973453
0.2368208649470394
0.29738189075319876
0.17557522123893807
0.2078071851549875
0.28254053795621853
0.32976782208189626
0.20984261430533327
0.20125786163522014
0.25328645865069593
0.2948452670532359
0.24952892792211032
0.228628214301284
0.38998471538823737
0.36032649442875175
0.2234150337492065
0.2971632345991593
0.3572258036639771
0.251451215074327
0.21792932900842024
0.19192576690124305
0.3115734965709173
0.26951638360957403
0.21784527973625703
0.24322981195628288
0.3553184500461984
0.31172413276075184
0.2611266483138135
0.2289054062646666
0.40321276026824604
0.15918733154945708
0.10660592219690022
0.14051522248243561
0.12453560068616239
0.2556971514516699
0.21364128343614563
0.22090502817928206
0.24397940533595383
0.1790994237414007
0.16357731756690982
0.18727772046616264
0.275137020330636
0.2245185055905816
0.21300824792373096
0.22125939710894593
0.3140439559839559
0.2901597148311922
0.1458834887816812
0.19050556869209495
0.20434722610513603
0.2590750709273629
0.14917763207675144
0.18772276287459314
0.2384550609686197
0.22088864806830244
0.27821082758932014
0.3267581321463667
0.24425210885806134
0.1721438576032734
0.1823529411764706
0.2102283544051592
0.2669592582895153
0.18489059931935808
0.20764309808157638
0.16806722689075632
0.27920953319435216
0.1338289962825279
0.18438661710037174
0.23011091079796453
0.25847521762372383
0.19928825622775803
0.26846001359719657
0.29174787404072117
0.32660076201695815
0.2302158273381295
0.26025623864667785
0.25565453133019145
0.2967227023153852
0.10020766843221832
0.19016203708829452
0.12341650031418835
0.12584720243695427
0.16868898004841942
0.09254498714652958
0.16680289276931454
0.13353566009104706
0.26003027177853316
0.14188093474104257
0.1654166830751045
0.1619583999193825
0.3049488567863219
0.07170294494238158
0.29753631781761886
0.18952379471721414
0.20246235054020725
0.14508617005588903
0.27491546297421304
0.24015247710589369
0.25917930782226867
0.16071255770532275
0.25526050832030117
0.23998874148326238
0.2471649754388166
0.14953982460560625
0.18292682926829268
0.23067324394619163
0.21245818963457708
0.1926739643855039
0.3101561052028577
0.3708638135251634
0.17570269160618282
0.15700485351287727
0.24631325252955158
0.24023181405746027
0.2105238206849451
0.20978104510793175
0.2968098691357744
0.41275984732242765
0.24425574305595188
0.1646519056467136
0.2193559139291418
0.31169955341738165
0.2340800793983831
0.1926739643855039
0.22166875453190807
0.346062520015535
0.18662913824969954
0.19098323376008705
0.13476929423459233
0.09404952697072913
0.19911299574737232
0.20232673060466708
0.21350670628332694
0.3542302751582743
0.2627867481612794
0.15190579659445505
0.12343135397812238
0.19834630292739636
0.18473271008874526
0.22184688459930704
0.2909035878303965
0.24951121925835804
0.16572518861313523
0.18267802023251542
0.2535978884292729
0.2614721853618495
0.15360524462268085
0.1767588176646491
0.19709006112095953
0.19391770031344013
0.3329832160805468
0.28977116937847236
0.2611683018187171
0.20876047250147114
0.20444466795711114
0.1767288836248074
0.1942327187438971
0.22619869211637852
0.21388193821895174
0.18460663266563304
0.18890027921215505
0.23107934788297005
0.2390461384632947
0.20709814825986694
0.22239791195941241
0.27504409329310014
0.27741250788955385
0.2403369368665789
0.255041757909483
0.3092195956066327
0.2789311895020879
0.24147597448206035
0.2562188737152192
0.310646762970971
0.3083351093619879
0.25587766058886396
0.21970586218571972
0.25587766058886396
0.27691535436155484
0.28509615214994677
0.26708746078296103
0.34608939939564787
0.3309687273556962
0.31031161647328265
0.2919488465912555
0.3726058784420671
0.2824169839184069
0.29076031411319075
0.27220190152135815
0.3529653477280117
0.4540378373382733
0.45162234926668926
0.43812310901919976
0.4513485669783292
0.28055897744525954
0.3042438548933746
0.2989222409272904
0.38265616143640735
0.11883263368413707
0.16296296296296298
0.21578691620206877
0.21431415132123235
0.13261307486585655
0.27972373122970084
0.23471091422979942
0.34147331445546597
0.08371559823903138
0.3057085836942883
0.27190408055005366
0.31778082387198314
0.08347988587255771
0.28350797156652213
0.25014178711531315
0.3738284311479069
0.09978608247029817
0.31715049457106825
0.19828500375989658
0.3718114096180968
0.09869973170332921
0.337690639546397
0.22892643470393614
0.4622125368618339
0.4622125368618339
