0.28955696202531644
0.18263473053892215
0.2739520958083832
0.21785714285714283
0.3577712609970674
0.33983286908078
0.25487465181058494
0.4
0.30148270181219106
0.5692068429237948
0.2846034214618974
0.34205607476635513
0.3713850837138508
0.7041847041847041
0.26406926406926406
0.41709401709401706
0.28955696202531644
0.45658682634730546
0.2739520958083832
0.3267857142857143
0.2785388127853881
0.4401154401154401
0.17604617604617603
0.41709401709401706
0.2629310344827586
0.3696969696969697
0.17528735632183906
0.39102564102564097
0.18885448916408668
0.3
0.28328173374613
0.42508710801393734
0.4911433172302737
0.6256410256410255
0.4911433172302737
1.0
0.3929146537842191
0.5213675213675214
0.3929146537842191
0.8888888888888888
0.20469798657718125
0.43571428571428567
0.3070469798657718
0.6984732824427481
0.3929146537842191
0.5213675213675214
0.3929146537842191
0.5555555555555556
0.2793040293040293
0.16666666666666666
0.25
0.29047619047619044
0.44202898550724634
0.4149659863945578
0.27664399092970515
0.3696969696969697
0.38227394807520143
0.4834874504623514
0.3223249669749009
0.49364161849710986
0.391025641025641
0.5
0.5
0.43571428571428567
0.3569861009509876
0.36345580933465743
0.4846077457795432
0.273542600896861
0.45735707591377694
0.6902404526166903
0.5176803394625177
0.37423312883435583
0.25487465181058494
0.31881533101045295
0.3
0.6376306620209059
0.42479108635097496
0.5313588850174217
0.5
0.6376306620209059
0.4401154401154401
0.5555555555555556
0.5213675213675214
0.8888888888888888
0.35209235209235207
0.4444444444444444
0.41709401709401706
0.6666666666666666
0.3652694610778443
0.465648854961832
0.43571428571428567
0.8148854961832059
0.45658682634730546
0.5820610687022901
0.5446428571428571
0.8148854961832059
0.34512022630834516
0.36363636363636365
0.2750845546786922
0.36783919597989945
0.2727272727272727
0.5176803394625177
0.3333333333333333
0.5258620689655172
0.4682017543859649
0.29901960784313725
0.3505747126436781
0.5
0.4314002828854314
0.7272727272727273
0.4126268320180383
0.3065326633165829
0.36363636363636365
0.7765205091937766
0.3713850837138508
0.4911433172302737
0.3643966547192354
0.2582010582010582
0.3929146537842191
0.6499238964992391
0.31202046035805625
0.5723860589812332
0.3170478170478171
0.39906542056074773
0.24530831099195713
0.7020460358056267
0.4314002828854314
0.8181818181818181
0.4126268320180383
0.42914572864321615
0.36363636363636365
0.7765205091937766
0.1788856304985337
0.1
0.14153132250580047
0.08944281524926685
0.25884016973125884
0.28818897637795277
0.2750845546786922
0.17256011315417258
0.3713850837138508
0.20854700854700853
0.2186379928315412
0.1856925418569254
0.3577712609970674
0.2
0.21229698375870074
0.1788856304985337
0.2785388127853881
0.20854700854700853
0.14575866188769412
0.1856925418569254
0.28955696202531644
0.21785714285714283
0.22536945812807882
0.1930379746835443
0.1641991924629879
0.5417406749555951
0.2750845546786922
0.2349165596919127
0.2727272727272727
0.23076923076923084
0.39804241435562804
0.3255069370330843
0.2207478890229192
0.33841886269070737
0.35209235209235207
0.4756335282651072
0.29151732377538825
0.2510288065843621
0.3929146537842191
0.35209235209235207
0.4756335282651072
0.29151732377538825
0.2510288065843621
0.3929146537842191
0.2739520958083832
0.5
0.22536945812807882
0.1732954545454545
0.3070469798657718
0.26406926406926406
0.4756335282651072
0.29151732377538825
0.2510288065843621
0.3929146537842191
0.28818897637795277
0.2727272727272727
0.2643553629469122
0.24629878869448185
0.384251968503937
0.5154929577464789
0.49061662198391426
0.42785571142284573
0.3728606356968216
0.42957746478873243
0.46212121212121204
0.5258620689655172
0.45042194092827004
0.39713541666666663
0.5545454545454546
0.46212121212121204
0.5258620689655172
0.45042194092827004
0.39713541666666663
0.5545454545454546
0.3562043795620438
0.2538141470180305
0.31346351490236385
0.23076923076923084
0.2671532846715329
0.34205607476635513
0.32049036777583184
0.2223572296476306
0.2846034214618974
0.22803738317757008
0.2479674796747967
0.26754385964912275
0.3505747126436781
0.2772727272727273
0.12869198312236285
0.3112244897959184
0.2479674796747967
0.26754385964912275
0.6135057471264368
0.3696969696969697
0.12869198312236285
0.4149659863945578
0.2479674796747967
0.26754385964912275
0.43821839080459773
0.3696969696969697
0.12869198312236285
0.3112244897959184
0.2479674796747967
0.26754385964912275
0.43821839080459773
0.3696969696969697
0.12869198312236285
0.3112244897959184
0.3157894736842105
0.16835326586936522
0.2801377726750861
0.5844311377245509
0.16295636687444345
0.4796854521625164
0.3180396246089677
0.20631341600901915
0.45454545454545453
0.768503937007874
0.1982665222101842
0.7584369449378331
0.22154963680387407
0.25487465181058494
0.1358574610244989
0.1476997578692494
0.24270557029177717
0.4178082191780822
0.39713541666666663
0.5147679324894514
0.2089041095890411
0.1517412935323383
0.3481735159817351
0.31770833333333337
0.32172995780590713
0.2089041095890411
0.3793532338308458
0.48744292237442927
0.39713541666666663
0.3860759493670886
0.3481735159817351
0.3034825870646766
0.2708102108768035
0.23076923076923084
0.25077081192189105
0.2708102108768035
0.1471652593486128
0.48744292237442927
0.39713541666666663
0.32172995780590713
0.2785388127853881
0.22761194029850743
0.19645732689210954
0.0671067106710671
0.2510288065843621
0.19365079365079363
0.3189542483660131
0.20854700854700853
0.43821839080459773
0.2479674796747967
0.5310945273631842
0.41862745098039217
0.5809523809523809
0.646969696969697
0.36363636363636365
0.19082377476538062
0.4698331193838254
0.36783919597989945
0.44907975460122695
0.4803149606299213
0.45454545454545453
0.3180396246089677
0.39152759948652116
0.36783919597989945
0.44907975460122695
0.8645669291338582
0.1582360570687419
0.11520302171860246
0.27758816837315126
0.2785388127853881
0.3333333333333333
0.3319727891156462
0.2629310344827586
0.18597560975609756
0.45522388059701485
0.3588235294117647
0.5083333333333334
0.46212121212121204
0.19082377476538062
0.28672150411280845
0.2727272727272727
0.2727272727272727
0.19593147751605994
0.2953995157384988
0.37770897832817335
0.6609907120743034
0.2684268426842684
0.38077403245942576
0.3929146537842191
0.6876006441223833
0.2418235877106045
0.4062153163152054
0.33841886269070737
0.5922330097087377
0.13800904977375564
0.23582474226804123
0.3070469798657718
0.6140939597315436
0.2013201320132013
0.3046192259675406
0.3929146537842191
0.5893719806763285
0.22154963680387407
0.1788856304985337
0.2
0.32360742705570295
0.5017626321974148
0.34512022630834516
0.6724409448818898
0.4698331193838254
0.2436750998668442
0.20098846787479407
0.34205607476635513
0.17967599410898377
0.45692883895131076
0.2785388127853881
0.6256410256410255
0.5020576131687242
0.16245006657789615
0.20098846787479407
0.22803738317757008
0.17967599410898377
0.38077403245942576
0.2785388127853881
0.5213675213675214
0.41838134430727025
0.28306264501160094
0.1788856304985337
0.1418604651162791
0.1788856304985337
0.3906083244397012
0.3223249669749009
0.24158415841584158
0.3223249669749009
0.4372759856630824
0.4642313546423136
0.3012345679012346
0.4642313546423136
0.4953596287703016
0.3577712609970674
0.2837209302325582
0.5366568914956013
0.3004926108374384
0.3860759493670886
0.16052631578947368
0.4825949367088607
0.3538283062645011
0.3577712609970674
0.2837209302325582
0.5366568914956013
0.3577712609970674
0.19593147751605994
0.28306264501160094
0.2
0.1930379746835443
0.2760180995475113
0.1502463054187192
0.43571428571428567
0.34512022630834516
0.3180396246089677
0.1375422773393461
0.6724409448818898
0.44721407624633425
0.45717344753747313
0.14153132250580047
0.9
0.1788856304985337
0.06531049250535333
0.07076566125290024
0.1
0.4642313546423136
0.46974697469746973
0.14575866188769412
0.8341880341880341
0.2
0.2683284457478006
0.44721407624633425
0.2683284457478006
0.42957746478873243
0.2340153452685422
0.31202046035805625
0.4680306905370844
0.3
0.2683284457478006
0.2683284457478006
0.3577712609970674
0.5343065693430658
0.16116248348745044
0.2417437252311757
0.6446499339498017
0.1921259842519685
0.25884016973125884
0.25884016973125884
0.25884016973125884
0.384251968503937
0.25884016973125884
0.34512022630834516
0.34512022630834516
0.4803149606299213
0.4314002828854314
0.3055091819699499
0.28818897637795277
0.6
0.44721407624633425
0.6376306620209059
0.7000000000000001
0.7299145299145299
0.6499238964992391
0.8888888888888888
0.6256410256410255
0.45607476635514016
0.40197693574958815
0.48897795591182364
0.5700934579439253
0.6841121495327103
0.5024711696869852
0.7334669338677354
0.6841121495327103
0.5446428571428571
0.4825949367088607
0.5820610687022901
0.7624999999999998
0.22453987730061348
0.24522613065326637
0.1982665222101842
0.25884016973125884
0.1641991924629879
0.5809523809523809
0.47843137254901963
0.32172995780590713
0.5
0.4765625000000001
0.3860759493670886
0.31443298969072164
0.20378619153674832
0.3577712609970674
0.5097493036211699
0.43571428571428567
0.29901960784313725
0.2573839662447257
0.4166666666666667
0.4765625000000001
0.44907975460122695
0.24522613065326637
0.1982665222101842
0.5176803394625177
0.5746971736204576
0.558169934640523
0.32275132275132273
0.27949599083619703
0.6499238964992391
0.5281385281385281
0.3860759493670886
0.34923664122137404
0.28955696202531644
0.4093959731543625
0.3713850837138508
0.3333333333333333
0.2785388127853881
0.3929146537842191
0.5570776255707762
0.4444444444444444
0.3713850837138508
0.4911433172302737
0.7155425219941348
0.7439024390243903
0.8049853372434018
0.56656346749226
0.8863936591809777
0.563944530046225
0.6446499339498017
0.5922330097087377
0.6756329113924051
0.6984732824427481
0.5791139240506329
0.6140939597315436
0.0
0.1732954545454545
0.1732954545454545
0.2739520958083832
0.0
0.40450928381962864
0.40450928381962864
0.5097493036211699
0.06587473002159827
0.42857142857142855
0.5
0.7457212713936432
0.07168037602820211
0.39152759948652116
0.39152759948652116
0.6567967698519516
0.0
0.40450928381962864
0.40450928381962864
0.5097493036211699
0.07168037602820211
0.39152759948652116
0.39152759948652116
0.6567967698519516
0.16180371352785147
0.23164556962025318
0.16991643454039
0.10627177700348434
0.18885448916408668
0.3034825870646766
0.29047619047619044
0.23828125000000006
0.19551282051282048
0.3505747126436781
0.5481386392811297
0.2993865030674847
0.41049798115746977
0.5091819699499166
0.45454545454545453
0.45522388059701485
0.29047619047619044
0.23828125000000006
0.39102564102564097
0.43821839080459773
0.32360742705570295
0.07721518987341772
0.33983286908078
0.31881533101045295
0.09442724458204334
0.31322207958921694
0.2993865030674847
0.3283983849259758
0.5091819699499166
0.2727272727272727
0.14153132250580047
0.4
0.32360742705570295
0.2
0.5
0.13377192982456138
0.2772727272727273
0.3034825870646766
0.18484848484848485
0.7393939393939394
0.20631341600901915
0.1921259842519685
0.2349165596919127
0.28818897637795277
0.28818897637795277
0.14153132250580047
0.6
0.24270557029177717
0.2
0.4
0.12681912681912683
0.34366197183098596
0.2857142857142857
0.17183098591549298
0.6014084507042253
0.14153132250580047
0.4
0.16180371352785147
0.2
0.4
0.4
0.2683284457478006
0.6
0.2357032457496136
0.3577712609970674
0.42479108635097496
0.5763779527559055
0.34512022630834516
0.5763779527559055
0.27748294162244125
0.4314002828854314
0.5746971736204576
0.8
0.2683284457478006
0.5
0.2828438948995363
0.44721407624633425
0.67966573816156
0.3267857142857143
0.4825949367088607
0.6535714285714286
0.19614147909967844
0.28955696202531644
0.2739520958083832
0.6639455782312924
0.30235439900867406
0.4979591836734694
0.2579281183932347
0.3779429987608426
0.5065243179122182
0.6
0.3577712609970674
0.6
0.2357032457496136
0.44721407624633425
0.5097493036211699
0.34014869888475835
0.0
0.24270557029177717
0.28328173374613
0.28328173374613
0.4535315985130111
0.0
0.32360742705570295
0.6609907120743034
0.6609907120743034
0.4535315985130111
0.0
0.32360742705570295
0.56656346749226
0.56656346749226
0.7936802973977695
0.0
0.5663129973474801
0.56656346749226
0.37770897832817335
0.39804241435562804
0.0
0.36791314837153194
0.507628294036061
0.33841886269070737
0.7134502923976607
0.0
0.5020576131687242
0.5893719806763285
0.3929146537842191
0.37770897832817335
0.23164556962025318
0.2
0.21229698375870074
0.20378619153674832
0.2683284457478006
0.2
0.34014869888475835
0.45454545454545453
0.37423312883435583
0.28818897637795277
0.2750845546786922
0.33044420368364036
0.34512022630834516
0.384251968503937
0.6500888099467139
0.56656346749226
0.23164556962025318
0.2
0.21229698375870074
0.2717149220489978
0.44721407624633425
0.4
0.6802973977695167
0.5454545454545454
0.37423312883435583
0.28818897637795277
0.2750845546786922
0.33044420368364036
0.34512022630834516
0.384251968503937
0.6500888099467139
0.5454545454545454
0.37423312883435583
0.28818897637795277
0.2750845546786922
0.33044420368364036
0.34512022630834516
0.384251968503937
0.6500888099467139
0.3929146537842191
0.3189542483660131
0.31282051282051276
0.29151732377538825
0.34936998854524626
0.3713850837138508
0.31282051282051276
0.7134502923976607
0.28328173374613
0.23164556962025318
0.21254355400696867
0.24302788844621517
0.4273204903677758
0.3412587412587413
0.6112224448897796
0.42857142857142855
0.2234432234432234
0.26521739130434785
0.5147679324894514
0.7587064676616916
0.511744966442953
0.32972972972972975
0.5820610687022901
0.4048672566371681
0.511744966442953
0.24729729729729732
0.5820610687022901
0.4048672566371681
0.6140939597315436
0.32972972972972975
0.5820610687022901
0.5398230088495575
0.3804573804573805
0.4474327628361858
0.48897795591182364
0.6168539325842697
0.2634989200863931
0.4126268320180383
0.5746971736204576
0.5287107258938244
0.5239263803680982
0.6451233842538191
0.4013157894736842
0.4765625000000001
0.45042194092827004
0.43571428571428567
0.6267123287671232
0.3090172239108409
0.28944246737841045
0.41739980449657876
0.4
0.3207150368033649
0.4117647058823529
0.40985442329227323
0.34109972041006525
0.37927461139896373
0.48751248751248744
0.4126268320180383
0.5746971736204576
0.5287107258938244
0.5239263803680982
0.6451233842538191
0.20561797752808988
0.3860759493670886
0.2982885085574572
0.42857142857142855
0.2820809248554913
0.2821461609620721
0.23076923076923084
0.36791314837153194
0.2741573033707865
0.4412296564195298
0.2237163814180929
0.42857142857142855
0.32446808510638303
0.47491349480968864
0.28110599078341014
0.4723451327433628
0.3160621761658031
0.4132091447925486
0.34154535274356107
0.39397201291711514
0.29047619047619044
0.28882575757575757
0.31770833333333337
0.6069651741293532
0.24270557029177717
0.2
0.32360742705570295
0.33983286908078
0.39152759948652116
0.384251968503937
0.4698331193838254
0.24629878869448185
0.31322207958921694
0.4803149606299213
0.4698331193838254
0.5746971736204576
0.3793532338308458
0.3696969696969697
0.6828358208955225
0.8736979166666665
0.3469852104664391
0.3319727891156462
0.27758816837315126
0.21708185053380782
0.3347050754458162
0.5213675213675214
0.3347050754458162
0.35209235209235207
0.37770897832817335
0.3577712609970674
0.37770897832817335
0.48605577689243035
0.56656346749226
0.626099706744868
0.37770897832817335
0.850597609561753
0.6409807355516637
0.6029654036243821
0.32049036777583184
1.0
0.6409807355516637
0.6029654036243821
0.32049036777583184
1.0
0.6409807355516637
0.6029654036243821
0.32049036777583184
1.0
0.511744966442953
0.5791139240506329
0.4093959731543625
0.8097345132743362
0.18885448916408668
0.25487465181058494
0.32360742705570295
0.37770897832817335
0.47213622291021673
0.42479108635097496
0.32360742705570295
0.47213622291021673
0.45454545454545453
0.4925975773889637
0.31322207958921694
0.45454545454545453
0.47213622291021673
0.42479108635097496
0.32360742705570295
0.47213622291021673
0.3270777479892761
0.4474327628361858
0.21428571428571427
0.40884718498659517
0.47213622291021673
0.42479108635097496
0.32360742705570295
0.47213622291021673
0.3667334669338677
0.34205607476635513
0.28405122235157154
0.3667334669338677
0.39102564102564097
0.3696969696969697
0.30995934959349586
0.48878205128205127
0.3333333333333333
0.41709401709401706
0.2013201320132013
0.3333333333333333
0.6666666666666666
0.31282051282051276
0.2684268426842684
0.5555555555555556
0.5147679324894514
0.23921568627450981
0.2925659472422062
0.7721518987341772
0.5555555555555556
0.31282051282051276
0.3355335533553355
0.7777777777777778
0.34014869888475835
0.5
0.34014869888475835
0.26180257510729615
0.625
0.43571428571428567
0.75
0.43990384615384615
0.44309927360774815
0.37731958762886597
0.5907990314769976
0.7155425219941348
0.5570776255707762
0.47843137254901963
0.6963470319634703
0.8333333333333334
0.5570776255707762
0.47843137254901963
0.6963470319634703
0.8333333333333334
0.7904967602591793
0.5700934579439253
0.9222462203023757
0.6240409207161125
0.42508710801393734
0.3
0.19593147751605994
0.36454183266932266
0.34923664122137404
0.6535714285714286
0.4140271493212669
0.6747787610619468
0.465648854961832
0.3267857142857143
0.20701357466063344
0.26991150442477874
0.3667334669338677
0.6841121495327103
0.42607683352735737
0.7142857142857143
0.3667334669338677
0.6841121495327103
0.42607683352735737
0.7142857142857143
0.4444444444444444
0.7299145299145299
0.46974697469746973
0.639412997903564
0.19645732689210954
0.1111111111111111
0.1189083820662768
0.1189083820662768
0.3929146537842191
0.3333333333333333
0.35672514619883033
0.2378167641325536
0.3070469798657718
0.232824427480916
0.375
0.25
0.47213622291021673
0.42508710801393734
0.4535315985130111
0.34014869888475835
0.4093959731543625
0.465648854961832
0.5
0.5
0.4093959731543625
0.465648854961832
0.375
0.25
0.28672150411280845
0.21504112808460632
0.1157495256166983
0.3283983849259758
0.25657202944269186
0.25657202944269186
0.09728867623604465
0.28944246737841045
0.4178082191780822
0.2785388127853881
0.22101449275362317
0.39713541666666663
0.3584018801410106
0.28672150411280845
0.1157495256166983
0.3283983849259758
0.43008225616921264
0.28672150411280845
0.1157495256166983
0.3283983849259758
0.2785388127853881
0.2785388127853881
0.11050724637681159
0.23828125000000006
0.38077403245942576
0.41709401709401706
0.26406926406926406
0.2031076581576027
0.44525547445255476
0.5384615384615383
0.28672150411280845
0.4803149606299213
0.41049798115746977
0.3293736501079914
0.6014084507042253
0.3728606356968216
0.3584018801410106
0.384251968503937
0.1641991924629879
0.3481735159817351
0.46212121212121204
0.23828125000000006
0.2081911262798635
0.26180257510729615
0.30235439900867406
0.40450928381962864
0.5313588850174217
0.5366568914956013
0.3347050754458162
0.5555555555555556
0.3713850837138508
0.40450928381962864
0.5313588850174217
0.44721407624633425
0.346590909090909
0.465648854961832
0.4825949367088607
0.346590909090909
0.5820610687022901
0.3860759493670886
0.25884016973125884
0.17749757516973808
0.1641991924629879
0.4803149606299213
0.6666666666666666
0.346590909090909
0.4765625000000001
0.3696969696969697
0.3333333333333333
0.5198863636363635
0.39713541666666663
0.5545454545454546
0.5176803394625177
0.414161008729389
0.3283983849259758
0.768503937007874
0.3900255754475704
0.4963833634719711
0.4474327628361858
0.6014084507042253
0.603960396039604
0.35499515033947615
0.41049798115746977
0.4803149606299213
0.17541337167505391
0.15661103979460847
0.41049798115746977
0.34512022630834516
0.17862371888726208
0.24270557029177717
0.25487465181058494
0.5366568914956013
0.17231638418079095
0.22761194029850743
0.39713541666666663
0.75
0.204560697518444
0.27758816837315126
0.36180308422301305
0.7558859975216852
0.17231638418079095
0.22761194029850743
0.39713541666666663
0.6666666666666666
0.2153954802259887
0.3793532338308458
0.39713541666666663
0.75
0.16591115140525836
0.34512022630834516
0.5091819699499166
0.5417406749555951
0.17378917378917377
0.2785388127853881
0.5555555555555556
0.4756335282651072
0.2896486229819563
0.2785388127853881
0.7777777777777778
0.7134502923976607
0.23171889838556506
0.2785388127853881
0.8888888888888888
0.8323586744639376
0.12163509471585243
0.20098846787479407
0.6112224448897796
0.9222462203023757
0.23735408560311283
0.28955696202531644
0.931297709923664
0.75
0.28306264501160094
0.1788856304985337
0.12151394422310759
0.31881533101045295
0.28306264501160094
0.3577712609970674
0.36454183266932266
0.5313588850174217
0.2750845546786922
0.34512022630834516
0.3472485768500949
0.4073455759599332
0.2750845546786922
0.34512022630834516
0.3472485768500949
0.5091819699499166
0.3438556933483653
0.4314002828854314
0.3472485768500949
0.4073455759599332
0.3643966547192354
0.4642313546423136
0.38364779874213834
0.4444444444444444
0.34205607476635513
0.3667334669338677
0.3667334669338677
0.6256410256410255
0.7777777777777778
0.7777777777777778
0.45607476635514016
0.48897795591182364
0.48897795591182364
0.7299145299145299
0.8888888888888888
0.7777777777777778
0.4803149606299213
0.6110183639398998
0.6110183639398998
0.5446428571428571
0.5820610687022901
0.5820610687022901
0.3034825870646766
0.39713541666666663
0.46212121212121204
0.4166666666666667
0.4698331193838254
0.3283983849259758
0.384251968503937
0.6902404526166903
0.2798165137614679
0.39482200647249194
0.23921568627450981
0.31443298969072164
0.2695139911634757
0.3794712286158632
0.22803738317757008
0.5024711696869852
0.35935198821796754
0.3794712286158632
0.34205607476635513
0.7034596375617792
0.5198863636363635
0.3652694610778443
0.43571428571428567
0.5791139240506329
0.37423312883435583
0.22453987730061348
0.39152759948652116
0.6363636363636364
0.5239263803680982
0.44907975460122695
0.6264441591784339
0.8181818181818181
0.2993865030674847
0.22453987730061348
0.39152759948652116
0.6363636363636364
0.44907975460122695
0.37423312883435583
0.5481386392811297
0.8181818181818181
0.5545454545454546
0.30808080808080807
0.5754716981132075
0.7210401891252955
0.30886075949367087
0.3860759493670886
0.40450928381962864
0.47213622291021673
0.44309927360774815
0.37770897832817335
0.30318091451292245
0.42508710801393734
0.38077403245942576
0.6876006441223833
0.3109072375127421
0.6666666666666666
0.3046192259675406
0.5893719806763285
0.3109072375127421
0.5555555555555556
0.3249001331557923
0.5341506129597198
0.26208378088077333
0.6112224448897796
0.31443298969072164
0.511744966442953
0.25523012552301255
0.5820610687022901
0.3930412371134021
0.716442953020134
0.3190376569037656
0.6984732824427481
0.6376306620209059
0.5
0.42508710801393734
0.47213622291021673
0.6666666666666666
0.6256410256410255
0.3333333333333333
0.3929146537842191
0.8148854961832059
0.5446428571428571
0.34923664122137404
0.20469798657718125
0.8888888888888888
0.7299145299145299
0.5555555555555556
0.2946859903381642
0.5820610687022901
0.6535714285714286
0.5820610687022901
0.3070469798657718
0.6984732824427481
0.5446428571428571
0.465648854961832
0.3070469798657718
0.43571428571428567
0.6069651741293532
0.43821839080459773
0.46212121212121204
0.44907975460122695
0.39152759948652116
0.7272727272727273
0.6724409448818898
0.3189542483660131
0.41838134430727025
0.4911433172302737
0.41709401709401706
0.47843137254901963
0.41838134430727025
0.5893719806763285
0.6256410256410255
0.3189542483660131
0.41838134430727025
0.4911433172302737
0.41709401709401706
0.46329113924050636
0.40450928381962864
0.56656346749226
0.7000000000000001
0.4073455759599332
0.433392539964476
0.3283983849259758
0.36363636363636365
0.7777777777777778
0.8323586744639376
0.5281385281385281
0.3929146537842191
0.5555555555555556
0.7134502923976607
0.5281385281385281
0.4911433172302737
0.6666666666666666
0.8323586744639376
0.4401154401154401
0.4911433172302737
0.465648854961832
0.5
0.5479041916167664
0.3070469798657718
0.6984732824427481
0.75
0.45658682634730546
0.4093959731543625
0.27949599083619703
0.5570776255707762
0.11202938475665748
0.2510288065843621
0.42785571142284573
0.6240409207161125
0.20098846787479407
0.42857142857142855
0.3860759493670886
0.5
0.2620274914089347
0.3793532338308458
0.31346351490236385
0.4029062087186261
0.25651808242220353
0.5150784077201447
0.4547996272134204
0.5694282380396732
0.2366175329712956
0.39397201291711514
0.40757238307349664
0.5366568914956013
0.2737881508078994
0.24270557029177717
0.1982665222101842
0.216696269982238
0.28818897637795277
0.32504440497335696
0.2223572296476306
0.5269978401727862
0.34205607476635513
0.5269978401727862
0.22932330827067668
0.5570776255707762
0.47843137254901963
0.4178082191780822
0.29647630619684084
0.6587473002159828
0.45607476635514016
0.5269978401727862
0.29647630619684084
0.6587473002159828
0.45607476635514016
0.5269978401727862
0.35966981132075476
0.75
0.43571428571428567
0.375
0.33983286908078
0.25487465181058494
0.33983286908078
0.2683284457478006
0.39482200647249194
0.39482200647249194
0.29611650485436897
0.31443298969072164
0.45658682634730546
0.5479041916167664
0.45658682634730546
0.3860759493670886
0.4401154401154401
0.5281385281385281
0.4401154401154401
0.3713850837138508
0.45658682634730546
0.5479041916167664
0.45658682634730546
0.3860759493670886
0.2739520958083832
0.2739520958083832
0.45658682634730546
0.28955696202531644
0.2377240841777085
0.3180396246089677
0.39152759948652116
0.41049798115746977
0.1901792673421668
0.38164754953076124
0.4698331193838254
0.4925975773889637
0.23318042813455656
0.3719512195121951
0.3793532338308458
0.4765625000000001
0.1901792673421668
0.2544316996871741
0.39152759948652116
0.41049798115746977
0.2646420824295011
0.518413597733711
0.6939704209328782
0.28944246737841045
0.18304576144036008
0.3022794846382557
0.36791314837153194
0.4615384615384617
0.45658682634730546
0.43571428571428567
0.34923664122137404
0.39482200647249194
0.3588235294117647
0.7721518987341772
0.39482200647249194
0.3588235294117647
0.7721518987341772
0.3794712286158632
0.34205607476635513
0.7334669338677354
0.3794712286158632
0.5700934579439253
0.6112224448897796
0.42479108635097496
0.4
0.6376306620209059
0.20962199312714777
0.17604617604617603
0.23921568627450981
0.2222222222222222
0.33964365256124723
0.42479108635097496
0.30886075949367087
0.5313588850174217
0.2717149220489978
0.16991643454039
0.30886075949367087
0.5313588850174217
0.33964365256124723
0.42479108635097496
0.30886075949367087
0.6376306620209059
0.31346351490236385
0.30769230769230765
0.35260115606936415
0.37596302003081655
0.34936998854524626
0.35209235209235207
0.3189542483660131
0.3333333333333333
0.47213622291021673
0.5313588850174217
0.4535315985130111
0.4
0.5893719806763285
0.4444444444444444
0.594541910331384
0.7299145299145299
0.5258620689655172
0.2932692307692307
0.4149659863945578
0.3696969696969697
0.8498452012383902
0.6376306620209059
0.5669144981412639
0.7000000000000001
0.6140939597315436
0.465648854961832
0.75
0.5446428571428571
0.6140939597315436
0.465648854961832
0.625
0.7624999999999998
0.08090185676392574
0.2
0.16991643454039
0.21254355400696867
0.2510288065843621
0.31282051282051276
0.35209235209235207
0.3333333333333333
0.25994318181818177
0.43571428571428567
0.3652694610778443
0.465648854961832
0.25994318181818177
0.43571428571428567
0.3652694610778443
0.465648854961832
0.346590909090909
0.43571428571428567
0.3652694610778443
0.34923664122137404
0.5020576131687242
0.8341880341880341
0.6161616161616162
0.3333333333333333
0.26040554962646745
0.31346351490236385
0.13020277481323372
0.33851276359600446
0.20631341600901915
0.1982665222101842
0.06877113866967305
0.28672150411280845
0.20631341600901915
0.1982665222101842
0.06877113866967305
0.3584018801410106
0.2006578947368421
0.1930379746835443
0.06688596491228069
0.3481735159817351
0.1953041622198506
0.18807810894141833
0.06510138740661686
0.33851276359600446
0.14153132250580047
0.20378619153674832
0.07076566125290024
0.36924939467312345
0.37770897832817335
0.2683284457478006
0.2683284457478006
0.24302788844621517
0.511744966442953
0.5791139240506329
0.5791139240506329
0.5398230088495575
0.6609907120743034
0.626099706744868
0.626099706744868
0.7290836653386453
0.6609907120743034
0.626099706744868
0.626099706744868
0.7290836653386453
0.56656346749226
0.5366568914956013
0.5366568914956013
0.6075697211155379
0.6609907120743034
0.626099706744868
0.626099706744868
0.7290836653386453
0.2417437252311757
0.3223249669749009
0.2334928229665072
0.3562043795620438
0.35260115606936415
0.44721407624633425
0.44721407624633425
0.18865979381443299
0.3
0.46329113924050636
0.4166666666666667
0.4166666666666667
0.17941176470588235
0.2772727272727273
0.43571428571428567
0.44721407624633425
0.44721407624633425
0.18865979381443299
0.3
0.46329113924050636
0.43990384615384615
0.2932692307692307
0.16339285714285715
0.32105263157894737
0.5840425531914895
0.4314002828854314
0.4314002828854314
0.18391959798994972
0.28818897637795277
0.37423312883435583
0.3577712609970674
0.3538283062645011
0.1
0.1788856304985337
0.44721407624633425
0.21229698375870074
0.3
0.3577712609970674
0.4642313546423136
0.3643966547192354
0.20854700854700853
0.3713850837138508
0.5570776255707762
0.3643966547192354
0.20854700854700853
0.3713850837138508
0.4642313546423136
0.29151732377538825
0.10427350427350426
0.2785388127853881
0.40197693574958815
0.38754764930114366
0.22803738317757008
0.30148270181219106
0.22867853795688847
0.34512022630834516
0.3055091819699499
0.18181818181818182
0.1844758064516129
0.28955696202531644
0.465648854961832
0.4093959731543625
0.23992133726647003
0.2785388127853881
0.6666666666666666
0.4911433172302737
0.359882005899705
0.3713850837138508
0.8888888888888888
0.7858293075684382
0.3154084798345398
0.40197693574958815
0.8557114228456915
0.7478108581436078
0.24596774193548387
0.28955696202531644
0.6984732824427481
0.511744966442953
0.3929146537842191
0.3713850837138508
0.08802308802308802
0.4911433172302737
0.6609907120743034
0.626099706744868
0.084958217270195
0.7554179566563467
0.8181818181818181
0.6902404526166903
0.08209959623149395
0.8181818181818181
0.6876006441223833
0.5570776255707762
0.08802308802308802
0.5893719806763285
0.6768377253814147
0.5640686922060767
0.0
0.6768377253814147
0.7272727272727273
0.603960396039604
0.08209959623149395
0.7272727272727273
0.4642313546423136
0.4401154401154401
0.3643966547192354
0.3929146537842191
0.34512022630834516
0.41049798115746977
0.2750845546786922
0.45454545454545453
0.2683284457478006
0.42479108635097496
0.3538283062645011
0.28328173374613
0.34512022630834516
0.41049798115746977
0.3438556933483653
0.36363636363636365
0.44721407624633425
0.33983286908078
0.28306264501160094
0.28328173374613
0.3577712609970674
0.5097493036211699
0.28306264501160094
0.37770897832817335
0.3779429987608426
0.4535315985130111
0.4535315985130111
0.3469852104664391
0.626099706744868
0.626099706744868
0.626099706744868
0.24270557029177717
0.6902404526166903
0.7765205091937766
0.7765205091937766
0.39152759948652116
0.6902404526166903
0.7765205091937766
0.7765205091937766
0.39152759948652116
0.5
0.5833333333333334
0.6666666666666666
0.5310945273631842
0.5176803394625177
0.5176803394625177
0.603960396039604
0.39152759948652116
0.25
0.1930379746835443
0.21785714285714283
0.13495575221238937
0.6587473002159828
0.40197693574958815
0.5700934579439253
0.2857142857142857
0.625
0.3860759493670886
0.5446428571428571
0.4048672566371681
0.625
0.3860759493670886
0.5446428571428571
0.4048672566371681
0.5187074829931972
0.3333333333333333
0.46212121212121204
0.22101449275362317
0.4535315985130111
0.2683284457478006
0.4
0.24302788844621517
0.22154963680387407
0.4
0.0
0.5734430082256169
0.5763779527559055
0.32504440497335696
0.3481735159817351
0.3696969696969697
0.2074829931972789
0.6646489104116223
0.8
0.34014869888475835
0.541620421753607
0.7124087591240876
0.19902120717781402
0.6092384519350812
0.6256410256410255
0.35672514619883033
0.37770897832817335
0.37770897832817335
0.7439024390243903
0.511744966442953
0.511744966442953
0.6984732824427481
0.5893719806763285
0.5893719806763285
1.0
0.511744966442953
0.511744966442953
0.8148854961832059
0.6409807355516637
0.6409807355516637
0.7334669338677354
0.6140939597315436
0.6140939597315436
0.931297709923664
0.18885448916408668
0.28328173374613
0.08090185676392574
0.2
0.6140939597315436
0.4093959731543625
0.346590909090909
0.6535714285714286
0.56656346749226
0.56656346749226
0.16180371352785147
0.5
0.5454545454545454
0.5454545454545454
0.15661103979460847
0.5763779527559055
0.47213622291021673
0.28328173374613
0.24270557029177717
0.5
0.5893719806763285
0.3929146537842191
0.2510288065843621
0.6256410256410255
0.08090185676392574
0.14153132250580047
0.09442724458204334
0.09442724458204334
0.2349165596919127
0.1375422773393461
0.2727272727272727
0.5454545454545454
0.346590909090909
0.22536945812807882
0.3070469798657718
0.4093959731543625
0.32360742705570295
0.21229698375870074
0.47213622291021673
0.56656346749226
0.2857142857142857
0.25363825363825365
0.40884718498659517
0.6541554959785522
0.5481386392811297
0.3438556933483653
0.36363636363636365
0.36363636363636365
0.42508710801393734
0.21254355400696867
0.18885448916408668
0.34923664122137404
0.465648854961832
0.4093959731543625
0.3667334669338677
0.3667334669338677
0.4273204903677758
0.5091819699499166
0.3055091819699499
0.5454545454545454
0.465648854961832
0.232824427480916
0.3070469798657718
0.465648854961832
0.34923664122137404
0.4093959731543625
0.18885448916408668
0.28306264501160094
0.25487465181058494
0.09442724458204334
0.7887931034482759
0.4682017543859649
0.4765625000000001
0.6135057471264368
0.6768377253814147
0.4557097118463179
0.38461538461538464
0.6768377253814147
0.7011494252873562
0.4682017543859649
0.4765625000000001
0.6135057471264368
0.6876006441223833
0.5101553166069295
0.4401154401154401
0.6876006441223833
0.7554179566563467
0.4953596287703016
0.42479108635097496
0.7554179566563467
0.16591115140525836
0.34512022630834516
0.5091819699499166
0.5417406749555951
0.17378917378917377
0.2785388127853881
0.5555555555555556
0.4756335282651072
0.2896486229819563
0.2785388127853881
0.7777777777777778
0.7134502923976607
0.23171889838556506
0.2785388127853881
0.8888888888888888
0.8323586744639376
0.23735408560311283
0.28955696202531644
0.931297709923664
0.75
0.3034825870646766
0.39713541666666663
0.46212121212121204
0.4166666666666667
0.4698331193838254
0.3283983849259758
0.384251968503937
0.6902404526166903
0.2798165137614679
0.39482200647249194
0.23921568627450981
0.31443298969072164
0.35935198821796754
0.3794712286158632
0.34205607476635513
0.7034596375617792
0.5198863636363635
0.3652694610778443
0.43571428571428567
0.5791139240506329
0.44309927360774815
0.37770897832817335
0.30318091451292245
0.42508710801393734
0.38077403245942576
0.6876006441223833
0.3109072375127421
0.6666666666666666
0.3046192259675406
0.5893719806763285
0.3109072375127421
0.5555555555555556
0.3249001331557923
0.5341506129597198
0.26208378088077333
0.6112224448897796
0.31443298969072164
0.511744966442953
0.25523012552301255
0.5820610687022901
0.3930412371134021
0.716442953020134
0.3190376569037656
0.6984732824427481
0.33983286908078
0.25487465181058494
0.33983286908078
0.2683284457478006
0.39482200647249194
0.39482200647249194
0.29611650485436897
0.31443298969072164
0.45658682634730546
0.5479041916167664
0.45658682634730546
0.3860759493670886
0.4401154401154401
0.5281385281385281
0.4401154401154401
0.3713850837138508
0.2739520958083832
0.2739520958083832
0.45658682634730546
0.28955696202531644
0.45658682634730546
0.43571428571428567
0.34923664122137404
0.3794712286158632
0.34205607476635513
0.7334669338677354
0.3794712286158632
0.5700934579439253
0.6112224448897796
0.42479108635097496
0.4
0.6376306620209059
0.22867853795688847
0.34512022630834516
0.3055091819699499
0.18181818181818182
0.1844758064516129
0.28955696202531644
0.465648854961832
0.4093959731543625
0.23992133726647003
0.2785388127853881
0.6666666666666666
0.4911433172302737
0.359882005899705
0.3713850837138508
0.8888888888888888
0.7858293075684382
0.3154084798345398
0.40197693574958815
0.8557114228456915
0.7478108581436078
0.24596774193548387
0.28955696202531644
0.6984732824427481
0.511744966442953
0.42508710801393734
0.21254355400696867
0.18885448916408668
0.34923664122137404
0.465648854961832
0.4093959731543625
0.3667334669338677
0.3667334669338677
0.4273204903677758
0.5091819699499166
0.3055091819699499
0.5454545454545454
0.465648854961832
0.232824427480916
0.3070469798657718
0.465648854961832
0.34923664122137404
0.4093959731543625
0.12603305785123967
0.3034825870646766
0.17941176470588235
0.4178082191780822
0.2064996614759648
0.4414957780458384
0.2334928229665072
0.541620421753607
0.2890995260663507
0.4414957780458384
0.40861244019138754
0.6093229744728079
0.19340519974635384
0.5252960172228203
0.26637554585152834
0.6093906093906094
0.23208623969562459
0.3283100107642627
0.26637554585152834
0.4265734265734266
0.21373510861948145
0.5481386392811297
0.24522613065326637
0.5734430082256169
0.2993865030674847
0.2643553629469122
0.4698331193838254
0.20561797752808988
0.42785571142284573
0.5714285714285714
0.21785714285714283
0.45042194092827004
0.5310945273631842
0.20561797752808988
0.3667334669338677
0.5
0.14523809523809522
0.3860759493670886
0.45522388059701485
0.21785714285714283
0.32172995780590713
0.45522388059701485
0.28818897637795277
0.24629878869448185
0.25884016973125884
0.36363636363636365
0.3
0.33983286908078
0.1788856304985337
0.47213622291021673
0.4803149606299213
0.41049798115746977
0.4314002828854314
0.6363636363636364
0.4
0.33983286908078
0.3577712609970674
0.47213622291021673
0.31282051282051276
0.35209235209235207
0.3713850837138508
0.5893719806763285
0.4
0.42479108635097496
0.2683284457478006
0.56656346749226
0.29047619047619044
0.19182389937106917
0.2234432234432234
0.22761194029850743
0.423121387283237
0.3292212798766383
0.38227394807520143
0.36791314837153194
0.37423312883435583
0.24458700882117085
0.3430178069353327
0.4698331193838254
0.37927461139896373
0.3056549749463135
0.30073952341824156
0.5909580193756728
0.41123595505617977
0.18456883509833585
0.2670753064798599
0.35714285714285715
0.44907975460122695
0.293504410585405
0.3430178069353327
0.4698331193838254
0.2820809248554913
0.423121387283237
0.38461538461538464
0.35260115606936415
0.15947712418300655
0.23921568627450981
0.26406926406926406
0.3986928104575163
0.23921568627450981
0.3189542483660131
0.26406926406926406
0.47843137254901963
0.17062937062937064
0.3412587412587413
0.2846034214618974
0.42657342657342656
0.2820809248554913
0.35260115606936415
0.38461538461538464
0.423121387283237
0.2993865030674847
0.44907975460122695
0.24629878869448185
0.5987730061349694
0.15601023017902813
0.3309222423146474
0.1491442542787286
0.2634989200863931
0.3223249669749009
0.11285846438482884
0.15384615384615383
0.2708102108768035
0.3900255754475704
0.1654611211573237
0.1491442542787286
0.3293736501079914
0.5460358056265985
0.11030741410488246
0.3728606356968216
0.46112311015118784
0.2074829931972789
0.1517412935323383
0.2657952069716775
0.297270955165692
0.5570776255707762
0.24872579001019368
0.35209235209235207
0.45692883895131076
0.17941176470588235
0.1732954545454545
0.1930379746835443
0.3344298245614035
0.2334928229665072
0.22571692876965768
0.37615621788283665
0.4557097118463179
0.11960784313725491
0.1732954545454545
0.5791139240506329
0.3344298245614035
0.22283105022831046
0.26967285587975237
0.41739980449657876
0.5562310030395137
0.25523012552301255
0.247766043866775
0.2715939447907391
0.5050597976080956
0.29186602870813394
0.22571692876965768
0.31346351490236385
0.4557097118463179
0.2418235877106045
0.25077081192189105
0.18136769078295345
0.2031076581576027
0.28800755429650615
0.1788856304985337
0.28800755429650615
0.5772870662460569
0.3180396246089677
0.1982665222101842
0.19082377476538062
0.43008225616921264
0.35396518375241776
0.3056112224448898
0.35396518375241776
0.46112311015118784
0.3627353815659069
0.25077081192189105
0.3022794846382557
0.541620421753607
0.2544316996871741
0.2643553629469122
0.38164754953076124
0.3584018801410106
0.48744292237442927
0.4682017543859649
0.45042194092827004
0.32172995780590713
0.2953995157384988
0.28306264501160094
0.2717149220489978
0.33964365256124723
0.36924939467312345
0.3538283062645011
0.33964365256124723
0.40757238307349664
0.33851276359600446
0.3255069370330843
0.37615621788283665
0.5015416238437821
0.4062153163152054
0.3906083244397012
0.43884892086330934
0.5642343268242548
0.4178082191780822
0.4013157894736842
0.45042194092827004
0.5791139240506329
0.4314002828854314
0.31322207958921694
0.3283983849259758
0.4314002828854314
0.3860759493670886
0.25994318181818177
0.45658682634730546
0.6756329113924051
0.44721407624633425
0.40450928381962864
0.42479108635097496
0.626099706744868
0.40197693574958815
0.2695139911634757
0.474339035769829
0.7034596375617792
0.7155425219941348
0.40450928381962864
0.7646239554317549
0.8049853372434018
0.3860759493670886
0.346590909090909
0.5479041916167664
0.7721518987341772
0.16932685634975714
0.23076923076923084
0.2031076581576027
0.16920943134535368
0.2080491132332879
0.4474327628361858
0.3952483801295896
0.5723860589812332
0.17862371888726208
0.5947075208913649
0.36924939467312345
0.56656346749226
0.17541337167505391
0.41049798115746977
0.43008225616921264
0.7272727272727273
0.17231638418079095
0.5559895833333334
0.2089041095890411
0.43821839080459773
0.22327964860907762
0.5097493036211699
0.44309927360774815
0.8498452012383902
0.8498452012383902
