0.28571428571428575
0.33333333333333326
0.39999999999999997
0.39999999999999997
0.5454545454545454
0.5333333333333333
0.6666666666666666
0.6666666666666666
0.4615384615384615
0.47058823529411764
0.5714285714285714
0.5714285714285714
0.3333333333333333
0.5
0.4615384615384615
0.6153846153846153
0.3636363636363636
0.4
0.5
0.5
0.30769230769230765
0.3529411764705882
0.42857142857142855
0.42857142857142855
0.47058823529411764
0.4444444444444445
0.47058823529411764
0.4
0.3333333333333333
0.3157894736842105
0.3333333333333333
0.4761904761904762
0.375
0.3529411764705882
0.375
0.3157894736842105
0.3333333333333333
0.3157894736842105
0.3333333333333333
0.380952380952381
0.3333333333333333
0.3157894736842105
0.3333333333333333
0.380952380952381
0.3333333333333333
0.3157894736842105
0.3333333333333333
0.380952380952381
0.39999999999999997
0.3
0.375
0.39999999999999997
0.7999999999999999
0.4
0.5
0.39999999999999997
0.39999999999999997
0.7000000000000001
0.5
0.6666666666666666
0.42857142857142855
0.631578947368421
0.39999999999999997
0.8571428571428571
0.375
0.6666666666666666
0.47058823529411764
0.6250000000000001
0.7999999999999999
0.4
0.5
0.39999999999999997
0.2
0.18181818181818182
0.0
0.2222222222222222
0.4
0.5454545454545454
0.2
0.6666666666666666
0.30769230769230765
0.28571428571428575
0.30769230769230765
0.3333333333333333
0.2857142857142857
0.26666666666666666
0.2857142857142857
0.30769230769230765
0.30769230769230765
0.28571428571428575
0.30769230769230765
0.3333333333333333
0.36363636363636365
0.3333333333333333
0.36363636363636365
0.4
0.2
0.18181818181818182
0.0
0.2222222222222222
0.4
0.5454545454545454
0.2
0.6666666666666666
0.30769230769230765
0.28571428571428575
0.30769230769230765
0.3333333333333333
0.2857142857142857
0.26666666666666666
0.2857142857142857
0.30769230769230765
0.36363636363636365
0.3333333333333333
0.36363636363636365
0.4
0.5
0.5
0.4210526315789474
0.4615384615384615
0.6666666666666665
0.888888888888889
0.5
0.8
0.6
0.8000000000000002
0.47058823529411764
0.7272727272727272
0.7499999999999999
0.7499999999999999
0.4
0.6666666666666666
0.4000000000000001
0.4000000000000001
0.23529411764705882
0.3636363636363636
0.6
0.8000000000000002
0.47058823529411764
0.7272727272727272
0.5
0.5
0.4210526315789474
0.4615384615384615
0.6666666666666665
0.888888888888889
0.5
0.8
0.6
0.8000000000000002
0.47058823529411764
0.7272727272727272
0.7499999999999999
0.7499999999999999
0.4
0.6666666666666666
0.4000000000000001
0.4000000000000001
0.23529411764705882
0.3636363636363636
0.6
0.8000000000000002
0.47058823529411764
0.7272727272727272
0.5
0.28571428571428575
0.2
0.28571428571428575
0.26666666666666666
0.3333333333333333
0.7142857142857143
0.4
0.28571428571428575
0.5333333333333333
0.4
0.8333333333333334
0.4444444444444444
0.3333333333333333
0.6153846153846153
0.4
0.8333333333333334
0.4444444444444444
0.3333333333333333
0.6153846153846153
0.3333333333333333
0.28571428571428575
0.2
0.28571428571428575
0.26666666666666666
0.25
0.2
0.125
0.2
0.18181818181818182
0.2857142857142857
0.5
0.42857142857142855
0.3333333333333333
0.8000000000000002
0.5
0.3333333333333333
1.0
0.6666666666666666
0.3333333333333333
0.8000000000000002
0.5
0.4
0.7499999999999999
0.6
0.3333333333333333
1.0
0.6666666666666666
0.5
0.5
0.4444444444444444
0.5555555555555556
0.5454545454545454
0.5454545454545454
0.46153846153846156
0.6153846153846153
0.5
0.5
0.2857142857142857
0.42857142857142855
0.6
0.6
0.3333333333333333
0.5
0.5714285714285714
0.5714285714285714
0.375
0.5
0.5714285714285714
0.5714285714285714
0.375
0.75
0.4615384615384615
0.6153846153846153
0.7272727272727272
0.3333333333333333
0.3333333333333333
0.6
0.3333333333333333
0.3333333333333333
0.6
0.3333333333333333
0.3333333333333333
0.6
0.3333333333333333
0.3333333333333333
0.4000000000000001
0.42857142857142855
0.7142857142857143
0.6666666666666666
0.4615384615384615
0.6153846153846153
0.7272727272727272
0.3333333333333333
0.3333333333333333
0.6
0.3333333333333333
0.3333333333333333
0.4000000000000001
0.42857142857142855
0.7142857142857143
0.6666666666666666
0.26666666666666666
0.25
0.3333333333333333
0.30769230769230765
0.25
0.23529411764705882
0.3076923076923077
0.28571428571428575
0.23529411764705882
0.2222222222222222
0.14285714285714285
0.13333333333333333
0.25
0.35294117647058826
0.15384615384615385
0.14285714285714288
0.28571428571428575
0.4
0.1818181818181818
0.5
0.23529411764705882
0.3333333333333333
0.14285714285714285
0.13333333333333333
0.5
0.3636363636363636
0.4444444444444445
0.6
0.36363636363636365
0.28571428571428575
0.3333333333333333
0.3076923076923077
0.5714285714285715
0.4
0.5
0.4444444444444445
0.4444444444444444
0.3333333333333333
0.4
0.3636363636363636
0.4
0.30769230769230765
0.36363636363636365
0.3333333333333333
0.4
0.30769230769230765
0.36363636363636365
0.3333333333333333
0.7272727272727272
0.7272727272727272
0.8000000000000002
0.9090909090909091
0.9090909090909091
1.0
0.5
0.5
0.5714285714285715
1.0
1.0
0.9090909090909091
0.6666666666666667
0.6666666666666667
0.7142857142857143
0.7272727272727272
0.7272727272727272
0.8000000000000002
0.28571428571428575
0.39999999999999997
0.4615384615384615
0.39999999999999997
0.28571428571428575
0.39999999999999997
0.4615384615384615
0.9333333333333333
0.3636363636363636
0.5
0.6
0.5
0.4
0.5454545454545454
0.6666666666666665
0.5454545454545454
0.4444444444444444
0.6
0.7499999999999999
0.6
0.3333333333333333
0.4615384615384615
0.5454545454545454
0.4615384615384615
0.28571428571428575
0.39999999999999997
0.4615384615384615
0.39999999999999997
0.28571428571428575
0.39999999999999997
0.4615384615384615
0.9333333333333333
0.3636363636363636
0.5
0.6
0.5
0.4444444444444444
0.6
0.7499999999999999
0.6
0.3333333333333333
0.4615384615384615
0.5454545454545454
0.4615384615384615
0.16666666666666666
0.125
0.16666666666666666
0.15384615384615385
0.18181818181818182
0.16666666666666666
0.18181818181818182
0.15384615384615385
0.888888888888889
0.3076923076923077
0.888888888888889
0.4000000000000001
0.5
0.4444444444444445
0.5
0.8000000000000002
0.6666666666666665
0.3076923076923077
0.6666666666666665
0.4000000000000001
0.5
0.6666666666666665
0.5
0.8000000000000002
0.888888888888889
0.3076923076923077
0.888888888888889
0.4000000000000001
0.5
0.4444444444444445
0.5
0.8000000000000002
0.888888888888889
0.3076923076923077
0.888888888888889
0.4000000000000001
0.5
0.4444444444444445
0.5
0.8000000000000002
0.4444444444444445
0.3076923076923077
0.4444444444444445
0.4000000000000001
0.5
0.6666666666666665
0.5
0.6
0.42857142857142855
0.3333333333333333
0.36363636363636365
0.3333333333333333
0.42857142857142855
0.3333333333333333
0.5454545454545454
0.16666666666666666
0.3333333333333333
0.20000000000000004
0.22222222222222224
1.0
0.3333333333333333
0.20000000000000004
0.22222222222222224
0.8000000000000002
0.18181818181818182
0.22222222222222224
0.25
0.6666666666666665
0.6666666666666666
0.4000000000000001
0.4444444444444445
0.4000000000000001
0.3333333333333333
0.3636363636363636
0.3636363636363636
0.3636363636363636
0.5454545454545454
0.8000000000000002
0.8000000000000002
0.8000000000000002
0.5454545454545454
0.8000000000000002
0.8000000000000002
1.0
0.5454545454545454
0.8000000000000002
0.8000000000000002
0.8000000000000002
0.5454545454545454
0.6
0.6
0.8000000000000002
0.5454545454545454
0.8000000000000002
0.8000000000000002
1.0
0.4000000000000001
0.4000000000000001
0.4000000000000001
0.4444444444444445
1.0
1.0
1.0
0.6666666666666665
0.8000000000000002
0.8000000000000002
0.8000000000000002
0.6666666666666665
0.8000000000000002
0.8000000000000002
0.8000000000000002
0.6666666666666665
0.6
0.6
0.6
0.6666666666666665
0.8000000000000002
0.8000000000000002
0.8000000000000002
0.6666666666666665
0.375
0.5454545454545454
0.42857142857142855
0.7692307692307692
0.375
0.5454545454545454
0.7142857142857143
0.4615384615384615
0.4
0.6
0.4615384615384615
0.5
0.4
0.6
0.4615384615384615
0.5
0.375
0.5454545454545454
0.42857142857142855
0.4615384615384615
0.4
0.6
0.4615384615384615
0.5
0.6666666666666665
0.5
0.5
0.75
0.6153846153846154
0.5
0.5
0.6666666666666666
0.6666666666666666
0.5333333333333333
0.5333333333333333
0.7272727272727273
0.6153846153846154
0.5
0.5
0.6666666666666666
0.8000000000000002
0.6153846153846154
0.6153846153846154
0.888888888888889
0.8000000000000002
0.6153846153846154
0.6153846153846154
0.888888888888889
0.8000000000000002
0.6666666666666665
0.6666666666666665
0.6
0.7272727272727272
0.6
0.6
0.5454545454545454
0.22222222222222224
0.25
0.25
0.22222222222222224
0.22222222222222224
0.25
0.25
0.22222222222222224
0.14285714285714285
0.15384615384615383
0.15384615384615383
0.14285714285714285
1.0
0.888888888888889
0.888888888888889
0.8000000000000002
0.3636363636363636
0.4000000000000001
0.4444444444444445
0.4000000000000001
0.4444444444444444
0.5
0.5714285714285715
0.5
0.3636363636363636
0.4000000000000001
0.4444444444444445
0.4000000000000001
0.3636363636363636
0.4000000000000001
0.4444444444444445
0.4000000000000001
0.5454545454545454
0.4000000000000001
0.4444444444444445
0.6
0.4
0.4444444444444445
0.5
0.4444444444444445
0.14285714285714285
0.13333333333333333
0.30769230769230765
0.3333333333333333
0.5
0.3076923076923077
0.3636363636363636
0.20000000000000004
0.5
0.3076923076923077
0.3636363636363636
0.20000000000000004
0.5
0.3076923076923077
0.3636363636363636
0.20000000000000004
0.5714285714285714
0.39999999999999997
0.30769230769230765
0.16666666666666666
0.6666666666666666
0.4615384615384615
0.3636363636363636
0.20000000000000004
0.5
0.375
0.5
0.5
0.8000000000000002
0.5714285714285714
0.8000000000000002
0.8000000000000002
0.8000000000000002
0.7142857142857143
1.0
1.0
0.7499999999999999
0.5
0.7499999999999999
0.7499999999999999
0.7499999999999999
0.5
0.7499999999999999
0.7499999999999999
0.8000000000000002
0.5714285714285714
0.8000000000000002
0.8000000000000002
0.8571428571428571
0.7499999999999999
0.7499999999999999
0.7499999999999999
0.75
0.6666666666666665
0.6666666666666665
0.6666666666666665
0.8571428571428571
0.7499999999999999
0.7499999999999999
0.7499999999999999
0.75
0.888888888888889
0.888888888888889
0.888888888888889
0.6666666666666665
0.6
0.6
0.8000000000000002
0.6666666666666665
0.8000000000000002
0.8000000000000002
0.8000000000000002
0.42857142857142855
0.5454545454545454
0.6
0.5
0.6
0.5
0.6153846153846154
0.5
0.42857142857142855
0.5
0.6153846153846154
0.8000000000000002
0.6666666666666665
0.5454545454545454
0.6666666666666665
0.6153846153846154
0.8000000000000002
0.6666666666666665
0.5454545454545454
0.6666666666666665
0.6153846153846154
0.8000000000000002
0.6666666666666665
0.5454545454545454
0.6666666666666665
0.6666666666666666
0.888888888888889
0.75
0.6
0.75
0.375
0.36363636363636365
0.375
0.2857142857142857
0.42857142857142855
0.42857142857142855
0.4444444444444445
0.42857142857142855
0.3333333333333333
0.5
0.375
0.5454545454545454
0.375
0.2857142857142857
0.42857142857142855
0.42857142857142855
0.6666666666666665
0.42857142857142855
0.3333333333333333
0.5
0.35294117647058826
0.3333333333333333
0.35294117647058826
0.26666666666666666
0.39999999999999997
0.375
0.5454545454545454
0.375
0.2857142857142857
0.42857142857142855
0.4615384615384615
0.4615384615384615
0.42857142857142855
0.4615384615384615
0.6
0.6
0.5454545454545454
1.0
0.6666666666666665
0.6666666666666665
0.6
0.6666666666666665
0.7499999999999999
0.7499999999999999
0.6666666666666666
0.7499999999999999
0.7499999999999999
0.7499999999999999
0.6666666666666666
0.7499999999999999
0.5454545454545454
0.9090909090909091
0.5
0.5454545454545454
0.6
0.26666666666666666
0.42857142857142855
0.6
0.5
1.0
0.4
0.5714285714285714
0.8000000000000002
0.8333333333333333
1.0
0.4
0.5714285714285714
0.8000000000000002
0.8333333333333333
1.0
0.4
0.5714285714285714
0.8000000000000002
0.8333333333333333
0.6666666666666666
0.23529411764705882
0.5
0.8333333333333333
0.5714285714285714
0.9090909090909091
0.37499999999999994
0.5333333333333333
0.7272727272727272
0.7692307692307692
0.13333333333333333
0.4444444444444445
0.2857142857142857
0.3076923076923077
0.3333333333333333
0.25
0.4
0.5333333333333333
0.28571428571428575
0.30769230769230765
0.125
0.4
0.26666666666666666
0.28571428571428575
0.4615384615384615
0.125
0.4
0.26666666666666666
0.28571428571428575
0.4615384615384615
0.23529411764705882
0.36363636363636365
0.5
0.26666666666666666
0.2857142857142857
0.125
0.4
0.26666666666666666
0.28571428571428575
0.4615384615384615
0.42857142857142855
0.4615384615384615
0.42857142857142855
0.42857142857142855
0.5454545454545454
0.6
0.5454545454545454
0.5454545454545454
0.4615384615384615
0.6666666666666666
0.6153846153846153
0.4615384615384615
0.6
0.6666666666666666
0.6
0.6
0.8333333333333333
0.7272727272727272
0.6666666666666666
0.8333333333333333
0.5454545454545454
0.8
0.7272727272727273
0.5454545454545454
0.4615384615384615
0.4615384615384615
0.5454545454545454
0.3
0.7272727272727273
0.39999999999999997
0.4615384615384615
0.4615384615384615
0.5454545454545454
0.3
0.5454545454545454
0.39999999999999997
0.8333333333333334
0.5
0.6
0.42105263157894735
0.6
0.7142857142857143
0.5454545454545454
0.7272727272727272
0.6666666666666665
0.33333333333333337
0.6666666666666665
0.4615384615384615
0.7142857142857143
0.42857142857142855
0.5
0.380952380952381
0.5
0.625
0.4615384615384615
0.4615384615384615
0.5454545454545454
0.3
0.5454545454545454
0.39999999999999997
0.4615384615384615
0.5454545454545454
0.2
0.5
0.42857142857142855
0.5
0.18181818181818182
0.4615384615384615
0.4615384615384615
0.7272727272727272
0.2
0.6666666666666666
0.5
0.8000000000000002
0.22222222222222224
0.7272727272727272
0.4615384615384615
0.7272727272727272
0.2
0.6666666666666666
0.4615384615384615
0.7272727272727272
0.2
0.6666666666666666
0.23529411764705885
0.0
0.3636363636363636
0.14285714285714288
0.42857142857142855
0.2
0.7499999999999999
0.36363636363636365
0.5000000000000001
0.16666666666666666
1.0
0.3076923076923077
0.23529411764705885
0.4615384615384615
0.3636363636363636
0.7142857142857143
0.25000000000000006
0.5
0.4000000000000001
0.6153846153846154
0.25000000000000006
0.5
0.4000000000000001
0.6153846153846154
0.23529411764705885
0.0
0.3636363636363636
0.14285714285714288
0.42857142857142855
0.2
0.7499999999999999
0.36363636363636365
0.5000000000000001
0.16666666666666666
1.0
0.3076923076923077
0.23529411764705885
0.4615384615384615
0.3636363636363636
0.7142857142857143
0.25000000000000006
0.5
0.4000000000000001
0.6153846153846154
0.25000000000000006
0.5
0.4000000000000001
0.6153846153846154
0.25
0.26666666666666666
0.4615384615384615
0.2
0.36363636363636365
0.4444444444444445
0.2
0.36363636363636365
0.4444444444444445
0.2727272727272727
0.4615384615384615
0.3636363636363636
0.2727272727272727
0.4615384615384615
0.3636363636363636
0.2857142857142857
0.8333333333333333
0.4000000000000001
0.1818181818181818
0.16666666666666666
0.2222222222222222
0.16666666666666666
0.5454545454545454
0.3333333333333333
0.4444444444444444
0.3333333333333333
0.5454545454545454
0.3333333333333333
0.4444444444444444
0.3333333333333333
0.5454545454545454
0.3333333333333333
0.4444444444444444
0.3333333333333333
0.3333333333333333
0.30769230769230765
0.4
0.30769230769230765
0.5
0.30769230769230765
0.4
0.30769230769230765
0.2857142857142857
0.3076923076923077
0.4444444444444445
0.375
0.5333333333333333
0.5454545454545454
0.42857142857142855
0.4615384615384615
0.6666666666666665
0.35294117647058826
0.375
0.5
0.5
0.5454545454545454
0.8571428571428571
0.5
0.5454545454545454
0.8571428571428571
0.28571428571428575
0.3076923076923077
0.28571428571428575
0.5714285714285715
0.28571428571428575
0.3076923076923077
0.28571428571428575
0.7142857142857143
0.28571428571428575
0.3076923076923077
0.42857142857142855
0.5714285714285715
0.6153846153846153
0.3333333333333333
0.30769230769230765
0.7692307692307692
0.30769230769230765
0.3333333333333333
0.4615384615384615
0.30769230769230765
0.28571428571428575
0.3076923076923077
0.42857142857142855
0.5714285714285715
0.3333333333333333
0.3333333333333333
0.25
0.4
0.36363636363636365
0.3636363636363636
0.3636363636363636
0.6666666666666667
0.4444444444444444
0.6
0.4000000000000001
0.4000000000000001
0.2857142857142857
0.5
0.4444444444444445
0.4000000000000001
0.4000000000000001
0.7142857142857143
0.5
0.6666666666666665
0.3636363636363636
0.3636363636363636
0.6666666666666667
0.4444444444444444
0.6
0.4444444444444445
0.4444444444444445
0.30769230769230765
0.5714285714285715
0.5
0.20000000000000004
0.20000000000000004
0.16666666666666666
0.20000000000000004
0.4444444444444445
0.4444444444444445
0.36363636363636365
0.4444444444444445
0.3636363636363636
0.3636363636363636
0.30769230769230765
0.3636363636363636
0.4000000000000001
0.4000000000000001
0.3333333333333333
0.4000000000000001
0.5454545454545454
0.3636363636363636
0.30769230769230765
0.3636363636363636
0.4000000000000001
0.6
0.3333333333333333
0.4000000000000001
0.4444444444444445
0.3333333333333333
0.4
0.4444444444444445
0.6
0.4615384615384615
0.3636363636363636
0.6
0.6
0.4615384615384615
0.3636363636363636
0.6
0.6
0.4615384615384615
0.3636363636363636
0.6
0.6
0.4615384615384615
0.3636363636363636
0.6
0.6
0.4615384615384615
0.3636363636363636
0.6
0.5454545454545454
0.75
0.5
0.6
0.5454545454545454
0.5454545454545454
1.0
0.6666666666666666
0.8
0.5454545454545454
0.6153846153846153
0.8
0.5714285714285715
0.6666666666666666
0.4615384615384615
0.42857142857142855
0.5454545454545454
0.39999999999999997
0.4615384615384615
0.42857142857142855
0.5333333333333333
0.6666666666666666
0.5
0.5714285714285715
0.39999999999999997
0.4615384615384615
0.8
0.5714285714285715
0.6666666666666666
0.4615384615384615
0.5
0.5333333333333333
0.4
0.5333333333333333
0.923076923076923
1.0
0.8333333333333334
1.0
0.7142857142857143
0.7692307692307692
0.7692307692307692
0.7692307692307692
0.923076923076923
1.0
0.8333333333333334
1.0
0.4615384615384615
0.5
0.3333333333333333
0.5
0.923076923076923
1.0
0.8333333333333334
1.0
0.28571428571428575
0.22222222222222224
0.28571428571428575
0.0
0.4
0.3333333333333333
0.2
0.14285714285714285
0.5
0.4000000000000001
0.25
0.16666666666666666
0.5
0.4000000000000001
0.25
0.16666666666666666
0.0
0.0
0.0
0.0
0.4444444444444444
0.3636363636363636
0.2222222222222222
0.15384615384615383
0.27272727272727276
0.35294117647058826
0.47058823529411764
0.3333333333333333
0.5217391304347826
0.5555555555555556
0.33333333333333326
0.5263157894736842
0.4761904761904762
0.625
0.375
0.7058823529411765
0.4
0.5333333333333333
0.5333333333333333
0.375
0.2608695652173913
0.33333333333333326
0.33333333333333326
0.3157894736842105
0.5714285714285714
0.875
0.5
0.5882352941176471
0.6666666666666665
0.5
0.6
0.6
0.6666666666666666
0.4444444444444445
0.5714285714285715
0.5714285714285715
0.6666666666666665
0.5
0.6
0.8000000000000002
0.4444444444444445
0.3333333333333333
0.4000000000000001
0.6
0.4444444444444445
0.3333333333333333
0.4000000000000001
0.6
0.6666666666666665
0.5
0.8000000000000002
1.0
0.3157894736842105
0.30769230769230765
0.3333333333333333
0.28571428571428575
0.380952380952381
0.5333333333333333
0.5714285714285715
0.75
0.3636363636363637
0.5
0.5333333333333333
0.5882352941176471
0.4
0.5714285714285714
0.6153846153846153
0.7999999999999999
0.4
0.5714285714285714
0.6153846153846153
0.7999999999999999
0.4
0.5714285714285714
0.6153846153846153
0.7999999999999999
0.5
0.4444444444444445
0.28571428571428575
0.8
0.7272727272727272
0.8333333333333333
0.4000000000000001
0.7499999999999999
0.6666666666666666
0.6
0.5
1.0
0.6666666666666666
0.6
0.5
1.0
0.6666666666666666
0.6
0.5
1.0
0.7272727272727272
0.8333333333333333
0.4000000000000001
0.7499999999999999
0.5714285714285714
0.5263157894736842
0.3636363636363637
0.4444444444444444
0.3333333333333333
0.23529411764705882
0.3
0.25
0.4615384615384615
0.33333333333333326
0.4761904761904762
0.35294117647058826
0.5714285714285714
0.4210526315789474
0.4545454545454546
0.4444444444444444
0.5000000000000001
0.380952380952381
0.33333333333333337
0.39999999999999997
0.4615384615384615
0.33333333333333326
0.2857142857142857
0.35294117647058826
0.5
0.39999999999999997
0.39999999999999997
0.8
0.4615384615384615
0.6153846153846153
0.8
0.4615384615384615
0.6153846153846153
0.8
0.4615384615384615
0.6153846153846153
0.8
0.6153846153846153
0.6153846153846153
1.0
0.5454545454545454
0.7272727272727273
0.4615384615384615
0.3636363636363636
0.25
0.15384615384615383
0.1818181818181818
0.23529411764705882
0.14285714285714285
0.5
0.26666666666666666
0.16666666666666666
0.20000000000000004
0.4444444444444445
0.39999999999999997
0.3076923076923077
0.4615384615384615
0.6
0.25
0.5
0.39999999999999997
0.6666666666666666
0.5
0.5454545454545454
0.5454545454545454
0.7499999999999999
0.7499999999999999
0.8571428571428571
0.5454545454545454
0.7499999999999999
0.7499999999999999
0.8571428571428571
0.5454545454545454
0.7499999999999999
0.7499999999999999
0.8571428571428571
0.5454545454545454
0.7499999999999999
0.7499999999999999
0.8571428571428571
0.4615384615384615
1.0
0.6
0.6666666666666665
0.42857142857142855
0.4615384615384615
0.6
0.6666666666666666
0.4615384615384615
0.5
0.6666666666666665
0.7272727272727272
0.4615384615384615
0.5
0.6666666666666665
0.7272727272727272
0.28571428571428575
0.30769230769230765
0.4
0.3333333333333333
0.5
0.5454545454545454
0.75
0.8
0.42857142857142855
0.4615384615384615
0.6
0.6666666666666666
0.30769230769230765
0.28571428571428575
0.30769230769230765
0.30769230769230765
0.3333333333333333
0.3076923076923077
0.5
0.8333333333333333
0.5
0.3076923076923077
0.3333333333333333
0.3333333333333333
0.3333333333333333
0.3076923076923077
0.5
0.5
0.5
0.3076923076923077
0.3333333333333333
0.3333333333333333
0.4615384615384615
0.28571428571428575
0.30769230769230765
0.30769230769230765
0.30769230769230765
0.3333333333333333
0.15384615384615383
0.4444444444444444
0.3636363636363636
0.42857142857142855
0.30769230769230765
0.14285714285714285
0.4
0.5
0.5
0.3636363636363636
0.16666666666666666
0.5
0.4000000000000001
0.5
0.3636363636363636
0.16666666666666666
0.5
0.4000000000000001
0.30769230769230765
0.5
0.30769230769230765
0.4444444444444444
0.3636363636363636
0.30769230769230765
0.3333333333333333
0.15384615384615383
0.4444444444444444
0.3636363636363636
0.5454545454545454
0.5
0.26666666666666666
0.5454545454545454
0.6
0.5454545454545454
0.2857142857142857
0.6
0.6666666666666665
0.8
0.30769230769230765
0.6666666666666665
0.26666666666666666
0.5454545454545454
0.6666666666666666
0.26666666666666666
0.5454545454545454
0.5454545454545454
0.6
0.5454545454545454
0.2857142857142857
0.6
0.5454545454545454
0.6666666666666666
0.5
0.5333333333333333
0.7272727272727272
0.6153846153846153
0.8
0.4444444444444444
0.7272727272727272
0.5714285714285715
0.7272727272727272
0.6153846153846153
0.8
0.4444444444444444
0.7272727272727272
0.5714285714285715
0.8000000000000002
0.6666666666666666
0.888888888888889
0.47058823529411764
1.0
0.6153846153846154
0.6153846153846154
0.5333333333333333
0.6666666666666666
0.5
0.6153846153846154
0.625
0.6153846153846154
0.5333333333333333
0.6666666666666666
0.6
0.6153846153846154
0.875
0.5
0.42857142857142855
0.5454545454545454
0.4210526315789474
0.3076923076923077
0.4444444444444445
0.4444444444444445
0.5454545454545454
0.5454545454545454
0.6
0.25
0.33333333333333326
0.4210526315789474
0.3529411764705882
0.2608695652173913
0.23529411764705882
0.4444444444444444
0.25
0.3157894736842105
0.3076923076923077
0.42857142857142855
0.3333333333333333
0.3157894736842105
0.3076923076923077
0.42857142857142855
0.3333333333333333
0.2727272727272727
0.25
0.35294117647058826
0.26666666666666666
0.19047619047619047
0.26666666666666666
0.375
0.8571428571428571
0.8571428571428571
0.11764705882352942
0.125
0.30769230769230765
0.16666666666666666
0.25000000000000006
0.26666666666666666
0.3333333333333333
0.7272727272727272
0.25000000000000006
0.26666666666666666
0.3333333333333333
0.3636363636363636
0.23529411764705885
0.25
0.30769230769230765
0.3333333333333333
0.2222222222222222
0.23529411764705882
0.2857142857142857
0.30769230769230765
0.23529411764705885
0.25
0.30769230769230765
0.3333333333333333
0.30769230769230765
0.23529411764705885
0.30769230769230765
0.28571428571428575
0.4615384615384615
0.23529411764705885
0.30769230769230765
0.28571428571428575
0.5714285714285714
0.4444444444444444
0.2857142857142857
0.26666666666666666
0.25
0.19999999999999998
0.5
0.23529411764705882
0.3333333333333333
0.25000000000000006
0.3333333333333333
0.3076923076923077
0.30769230769230765
0.4705882352941177
0.30769230769230765
0.7142857142857143
0.375
0.5714285714285715
0.5714285714285715
0.5714285714285715
0.5714285714285715
0.6666666666666666
0.5
0.5
0.36363636363636365
0.36363636363636365
0.4444444444444445
0.888888888888889
0.3333333333333333
0.3333333333333333
0.4
0.4
0.30769230769230765
0.30769230769230765
0.4444444444444445
0.4444444444444445
0.6666666666666666
0.6666666666666666
0.30769230769230765
0.6153846153846153
0.5
0.25
0.4
0.6
0.6153846153846153
0.30769230769230765
0.5
0.4
0.4
0.6
0.75
1.0
0.6
0.75
1.0
0.7272727272727272
0.6666666666666665
0.6666666666666665
0.5
0.4
0.4
0.6
0.75
1.0
0.42857142857142855
0.39999999999999997
0.5454545454545454
0.42857142857142855
0.39999999999999997
0.4615384615384615
0.42857142857142855
0.6
0.4615384615384615
0.42857142857142855
0.3333333333333333
0.3076923076923077
0.4444444444444445
0.3333333333333333
0.3076923076923077
0.42857142857142855
0.39999999999999997
0.5454545454545454
0.42857142857142855
0.39999999999999997
0.39999999999999997
0.375
0.5
0.39999999999999997
0.375
0.6666666666666666
0.4615384615384615
0.6666666666666665
0.5
0.4615384615384615
0.4444444444444445
0.3333333333333333
0.4444444444444445
0.3076923076923077
0.6666666666666665
0.5
0.6666666666666665
0.4615384615384615
0.6666666666666665
0.5
0.6666666666666665
0.4615384615384615
0.8571428571428571
0.6
0.8571428571428571
0.5454545454545454
1.0
0.5454545454545454
0.75
0.5
0.6666666666666665
0.5
0.6666666666666665
0.4615384615384615
0.4000000000000001
0.5714285714285715
0.5714285714285715
0.4444444444444445
0.4000000000000001
0.5714285714285715
0.5714285714285715
0.4444444444444445
0.4000000000000001
0.5714285714285715
0.5714285714285715
0.4444444444444445
0.3636363636363636
0.5
0.5
0.4
0.6
0.5714285714285715
0.5714285714285715
0.4444444444444445
0.6
0.5714285714285715
0.5714285714285715
0.4444444444444445
0.5
0.5
0.3
0.3333333333333333
0.39999999999999997
0.5333333333333333
0.26086956521739135
0.26666666666666666
0.42857142857142855
0.42857142857142855
0.27272727272727276
0.42857142857142855
0.42857142857142855
0.42857142857142855
0.27272727272727276
0.42857142857142855
0.3529411764705882
0.47058823529411764
0.24
0.47058823529411764
0.5454545454545454
0.5454545454545454
0.31578947368421056
0.36363636363636365
0.3333333333333333
0.30769230769230765
0.3636363636363636
0.3333333333333333
0.5
0.4615384615384615
0.5454545454545454
0.5
1.0
0.7692307692307692
0.5454545454545454
0.8333333333333334
0.6
0.5454545454545454
0.6666666666666665
0.6
0.8571428571428571
0.6666666666666666
0.4615384615384615
0.7142857142857143
0.6153846153846153
0.42857142857142855
0.5
0.4615384615384615
0.8000000000000002
0.8000000000000002
0.888888888888889
0.6666666666666666
0.888888888888889
0.888888888888889
1.0
0.7272727272727273
1.0
0.8000000000000002
0.888888888888889
0.6666666666666666
0.888888888888889
0.888888888888889
1.0
0.7272727272727273
0.8000000000000002
1.0
0.888888888888889
0.6666666666666666
0.8000000000000002
0.8000000000000002
0.888888888888889
0.6666666666666666
0.5
0.4761904761904762
0.4
0.47058823529411764
0.47058823529411764
0.5454545454545454
0.380952380952381
0.5555555555555556
0.5333333333333333
0.3
0.42105263157894735
0.5
0.5263157894736842
0.41666666666666663
0.34782608695652173
0.6
0.5555555555555556
0.34782608695652173
0.4545454545454546
0.5263157894736842
0.6250000000000001
0.38095238095238093
0.5
0.588235294117647
0.4
0.5
0.42857142857142855
0.4615384615384615
0.4
0.6666666666666666
0.42857142857142855
0.4615384615384615
0.6153846153846153
0.8
0.5
0.7272727272727273
0.5714285714285714
0.7272727272727272
0.4615384615384615
0.6666666666666666
0.5333333333333333
0.8333333333333334
0.42857142857142855
0.6153846153846153
0.5714285714285714
0.9090909090909091
0.4615384615384615
0.6666666666666666
0.35294117647058826
0.3
0.42857142857142855
0.3333333333333333
0.4444444444444445
0.380952380952381
0.5333333333333333
0.4210526315789474
0.375
0.631578947368421
0.4615384615384615
0.35294117647058826
0.4444444444444445
0.6666666666666666
0.5333333333333333
0.4210526315789474
0.4444444444444445
0.6666666666666666
0.5333333333333333
0.4210526315789474
0.47058823529411764
0.39999999999999997
0.5714285714285714
0.5555555555555556
0.4444444444444445
0.6
0.6
0.20000000000000004
0.6666666666666665
0.6
1.0
0.20000000000000004
0.4444444444444445
0.6
0.6
0.20000000000000004
0.4444444444444445
0.6
0.6
0.20000000000000004
0.4444444444444445
0.6
0.6
0.20000000000000004
0.6666666666666665
0.6
1.0
0.20000000000000004
0.5454545454545454
0.5
0.6
0.42857142857142855
0.5
0.4615384615384615
0.6666666666666666
0.4615384615384615
0.7272727272727273
0.5333333333333333
0.6153846153846153
0.7142857142857143
0.7272727272727272
0.5
0.8
0.5714285714285715
0.6666666666666666
0.7692307692307692
0.6153846153846154
0.42857142857142855
0.6666666666666666
0.5
0.5714285714285715
0.6666666666666666
0.4
0.37499999999999994
0.5714285714285715
0.4444444444444445
0.5
0.47058823529411764
0.5
0.4615384615384615
0.7272727272727273
0.5333333333333333
0.6153846153846153
0.5714285714285714
0.4444444444444445
0.5
0.5714285714285715
0.5714285714285715
0.3333333333333333
0.5454545454545454
0.6
0.6
0.3333333333333333
0.3636363636363636
0.4000000000000001
0.4000000000000001
0.3333333333333333
0.5454545454545454
0.6
0.6
0.6153846153846153
0.3333333333333333
0.3636363636363636
0.3636363636363636
0.3333333333333333
0.5454545454545454
0.4000000000000001
0.4000000000000001
0.37499999999999994
0.6
0.7272727272727272
0.7272727272727272
0.5
0.8
0.7272727272727272
0.7272727272727272
0.5333333333333333
0.888888888888889
0.8000000000000002
0.8000000000000002
0.5333333333333333
0.888888888888889
1.0
1.0
0.5333333333333333
0.888888888888889
1.0
1.0
0.5333333333333333
0.888888888888889
1.0
1.0
0.37499999999999994
0.6
0.7272727272727272
0.7272727272727272
0.5
0.8
0.7272727272727272
0.7272727272727272
0.5333333333333333
0.888888888888889
0.8000000000000002
0.8000000000000002
0.5333333333333333
0.888888888888889
1.0
1.0
0.5333333333333333
0.888888888888889
1.0
1.0
0.16666666666666666
0.22222222222222224
0.2
0.7142857142857143
0.9090909090909091
0.8333333333333334
0.42857142857142855
0.3636363636363636
0.3333333333333333
0.5454545454545454
0.7499999999999999
0.6666666666666666
0.6666666666666666
0.6666666666666666
0.6153846153846153
0.6153846153846154
0.8000000000000002
0.7272727272727272
0.5454545454545454
0.3076923076923077
0.13333333333333333
0.3076923076923077
0.4444444444444444
0.5454545454545454
0.15384615384615383
0.5454545454545454
0.5
0.6
0.16666666666666666
0.6
0.5
0.6
0.16666666666666666
0.8000000000000002
0.4444444444444444
0.1818181818181818
0.15384615384615383
0.1818181818181818
0.5
0.6
0.16666666666666666
0.8000000000000002
0.4444444444444444
0.3333333333333333
0.30769230769230765
0.4444444444444444
0.3333333333333333
0.30769230769230765
0.5
0.3636363636363636
0.3333333333333333
0.4444444444444444
0.3333333333333333
0.4615384615384615
0.5
0.3636363636363636
0.5
0.6666666666666666
0.5
0.6153846153846153
0.4444444444444444
0.3333333333333333
0.30769230769230765
0.4444444444444444
0.3333333333333333
0.30769230769230765
0.5
0.3636363636363636
0.3333333333333333
0.4444444444444444
0.3333333333333333
0.4615384615384615
0.5
0.3636363636363636
0.5
0.6666666666666666
0.5
0.6153846153846153
0.6666666666666666
0.6666666666666666
0.4444444444444445
0.6666666666666666
0.36363636363636365
0.36363636363636365
0.42857142857142855
0.36363636363636365
0.4444444444444445
0.4444444444444445
0.3333333333333333
0.4444444444444445
0.5
0.5
0.36363636363636365
0.5
0.6666666666666666
0.6666666666666666
0.4444444444444445
0.6666666666666666
0.4444444444444445
0.4444444444444445
0.3333333333333333
0.4444444444444445
0.4761904761904762
0.5333333333333333
0.35294117647058826
0.4444444444444445
0.380952380952381
0.5333333333333333
0.35294117647058826
0.4444444444444445
0.4
0.7142857142857143
0.375
0.588235294117647
0.4444444444444444
0.8333333333333333
0.42857142857142855
0.6666666666666666
0.41666666666666663
0.4444444444444444
0.39999999999999997
0.47619047619047616
0.5
0.5714285714285714
0.5
0.588235294117647
0.4615384615384615
0.4615384615384615
0.5
0.42857142857142855
0.6153846153846153
0.4615384615384615
0.8333333333333334
0.42857142857142855
0.6
0.6
0.6666666666666666
0.5454545454545454
0.7272727272727273
0.5454545454545454
0.8
0.5
0.7272727272727273
0.5454545454545454
0.8
0.5
0.6153846153846153
0.4615384615384615
1.0
0.42857142857142855
0.30769230769230765
0.3333333333333333
0.0
0.375
0.4444444444444445
0.5
0.0
0.3333333333333333
0.3333333333333333
0.36363636363636365
0.0
0.5333333333333333
0.3333333333333333
0.36363636363636365
0.0
0.5333333333333333
0.3333333333333333
0.36363636363636365
0.0
0.5333333333333333
0.3333333333333333
0.36363636363636365
0.0
0.39999999999999997
0.25
0.4
0.3636363636363636
0.5
0.30769230769230765
0.3636363636363636
0.23529411764705882
0.36363636363636365
0.8333333333333333
0.4444444444444445
0.2857142857142857
0.3333333333333333
0.25
0.4
0.3636363636363636
0.5
0.30769230769230765
0.3636363636363636
0.25
0.4
0.3636363636363636
0.5
0.30769230769230765
0.3636363636363636
0.23529411764705882
0.36363636363636365
0.3333333333333333
0.4444444444444445
0.2857142857142857
0.3333333333333333
0.4
0.4444444444444445
0.4000000000000001
0.5714285714285715
0.3333333333333333
0.4000000000000001
0.5454545454545454
0.5
0.5
0.5
0.6
0.5454545454545454
0.5454545454545454
0.7272727272727272
0.7272727272727272
0.6666666666666666
0.5
1.0
0.7272727272727272
0.6666666666666666
0.5
1.0
0.6666666666666666
0.6153846153846153
0.4615384615384615
0.7692307692307692
0.7272727272727272
0.6666666666666666
0.5
1.0
